	ada-2	alr-1	atf-5	atf-6	atf-7	athp-1	bra-2	brc-1	cbp-1	ccr-4	cdk-9	ced-6	ceh-13	ceh-20	ceh-21	ceh-27	ceh-32	ceh-36	ceh-37	ceh-38	ceh-39	ceh-40	ceh-41	ceh-43	ceh-44	ceh-49	cep-1	cey-1	cey-2	cey-3	cey-4	chd-3	cnd-1	daf-14	daf-19	daf-3	die-1	dlx-1	dmd-5	dnj-11	dpl-1	dpy-22	dpy-26	efl-1	egl-18	egl-27	ekl-4	elt-1	elt-2	elt-3	elt-6	elt-7	end-1	eor-1	eya-1	fkh-2	fkh-3	fkh-4	fkh-5	fkh-7	flt-1	gei-11	gei-8	gfl-1	gla-3	hif-1	hlh-1	hlh-14	hlh-2	hlh-25	hlh-26	hlh-27	hlh-3	hlh-30	hmg-1.1	hmg-1.2	hmg-11	hmg-12	hmg-3	hmg-4	hmg-5	hnd-1	hsf-1	irx-1	lag-1	let-418	lin-26	lin-28	lin-32	lin-35	lin-40	lin-49	lin-54	lin-61	lir-1	lpd-2	lsl-1	lst-3	mbf-1	mes-2	mes-4	mes-6	mex-1	mex-5	mex-6	mls-2	mml-1	mxl-1	mxl-2	nfi-1	ngn-1	nhr-10	nhr-12	nhr-122	nhr-13	nhr-2	nhr-20	nhr-243	nhr-25	nhr-256	nhr-34	nhr-4	nhr-46	nhr-47	nhr-49	nhr-57	nhr-61	nhr-64	nhr-66	nhr-68	nhr-70	nhr-71	nhr-78	nhr-86	nob-1	ntl-2	nurf-1	oma-1	oma-2	pal-1	pes-1	pha-4	pie-1	pos-1	psa-1	rbr-2	ref-1	sbp-1	sdc-1	sdc-2	sdc-3	sea-1	sex-1	skn-1	sop-2	sox-2	spr-1	taf-4	taf-5	tag-153	tag-182	tag-192	tbx-11	tbx-31	tbx-32	tbx-33	tbx-36	tbx-37	tbx-38	tbx-39	tbx-40	tbx-7	tbx-8	tbx-9	tra-1	tra-4	unc-120	unc-130	unc-30	unc-37	unc-39	unc-62	vab-15	xbp-1	zfp-1	zip-2	zip-4	ztf-7	mab-21	cwn-1	scrt-1
ada-2	2	0	0	1	0	0	0	0	1	0	0	0	1	1	0	1	4	1	4	0	4	0	0	4	0	0	4	1	4	0	4	4	0	0	0	4	4	4	1	0	4	0	4	0	4	1	0	4	1	0	0	1	0	4	1	1	4	4	4	0	0	0	0	0	0	0	4	4	0	1	1	1	4	0	4	0	4	4	0	0	0	4	1	1	0	4	0	0	1	0	0	0	3	0	0	0	1	0	1	0	4	0	0	4	4	1	1	0	0	0	0	0	0	0	0	4	0	0	1	0	4	0	1	0	0	1	0	4	4	0	0	0	0	0	1	4	4	4	4	4	1	1	4	4	0	0	1	0	1	0	0	4	4	0	0	4	0	0	3	0	0	4	4	1	1	1	0	4	4	1	1	4	0	0	0	4	1	1	4	0	1	4	1	0	0	0	0	4	4	4	0
alr-1	0	2	1	2	4	5	4	0	1	4	4	5	1	2	4	1	1	1	1	4	4	4	1	1	4	5	4	2	5	5	4	3	1	2	5	2	3	4	1	5	4	2	4	5	4	3	4	2	1	4	4	1	4	1	2	1	5	5	4	1	1	4	3	4	5	4	1	1	3	5	5	5	4	2	3	3	3	5	4	4	5	2	5	1	4	4	4	4	1	3	4	2	4	4	4	4	5	4	5	5	4	4	5	5	5	1	1	5	5	4	4	3	5	1	5	4	5	4	1	5	2	4	2	1	2	1	4	1	5	1	4	4	4	3	1	4	3	4	5	4	1	1	5	5	4	4	4	5	4	3	2	4	4	5	0	4	0	5	4	6	4	2	4	5	5	5	5	4	4	5	5	4	2	1	0	4	1	1	1	3	1	4	1	4	1	1	5	4	4	3	1
atf-5	0	3	2	1	4	5	4	4	4	5	3	4	1	3	5	1	1	1	1	4	5	4	4	1	1	5	4	3	5	5	5	3	1	3	5	3	3	4	1	5	4	2	3	5	5	3	3	3	1	2	4	1	1	1	3	1	5	5	5	2	2	3	3	3	5	3	1	3	3	5	5	5	5	2	3	3	3	5	5	4	5	3	5	2	4	3	3	3	1	3	3	2	3	4	3	3	5	4	5	5	3	4	5	5	5	1	1	5	4	4	4	3	4	2	5	4	3	3	1	4	3	3	3	2	4	1	3	2	5	2	3	5	4	3	2	3	3	5	5	4	1	1	5	5	5	4	4	4	4	3	1	5	3	5	0	1	3	5	4	5	3	3	4	5	5	5	5	5	5	5	5	1	2	4	0	4	2	1	4	4	1	3	1	4	1	2	5	4	1	3	5
atf-6	3	2	3	2	4	5	3	3	4	4	3	5	1	3	3	1	4	1	4	3	4	3	2	4	3	5	3	3	5	5	5	3	2	2	4	3	3	4	1	5	3	3	3	5	4	3	3	3	1	5	5	1	3	3	3	1	5	5	4	2	4	3	3	3	5	3	4	3	3	5	5	5	4	3	3	3	3	5	5	3	5	3	5	4	4	3	5	3	1	3	3	2	3	3	3	4	5	4	5	5	4	3	5	5	5	1	2	5	5	3	4	3	5	3	5	3	5	3	4	4	3	3	3	3	3	1	3	4	5	1	3	4	3	3	4	3	3	4	5	5	1	1	5	5	5	3	4	5	3	3	2	4	3	3	0	4	0	4	3	4	3	3	3	5	5	5	5	4	4	5	5	4	3	4	0	3	4	2	1	3	1	3	1	4	2	4	5	4	5	4	5
atf-7	0	4	4	4	2	4	4	4	4	5	4	1	4	4	5	4	4	4	4	4	5	4	5	4	4	5	4	4	1	4	5	4	1	4	4	4	4	4	1	4	4	4	4	5	5	3	3	4	4	1	5	4	4	4	4	4	5	5	5	4	3	3	3	3	1	2	4	4	4	5	5	5	5	4	4	3	4	4	4	4	4	4	1	1	4	4	2	3	4	0	4	4	3	4	3	3	1	5	1	4	3	4	4	1	4	4	4	1	1	1	5	4	1	2	1	4	2	3	4	0	4	2	4	4	4	4	4	4	4	1	3	4	4	3	4	4	4	4	1	4	4	4	4	4	5	4	4	2	4	4	4	5	4	1	0	1	0	5	4	4	3	4	4	4	4	5	1	5	5	4	4	1	4	4	0	4	4	4	5	4	4	4	4	2	1	4	1	4	1	4	5
athp-1	0	5	5	5	4	2	4	3	5	4	4	4	5	5	3	5	5	5	5	3	4	4	5	5	5	3	4	5	1	3	5	5	5	5	4	5	4	4	5	3	4	5	4	4	4	4	4	5	5	5	5	5	5	5	5	5	4	4	4	5	5	3	4	4	1	4	5	5	4	1	1	1	4	5	5	4	5	1	3	4	3	5	1	5	3	4	4	4	5	0	4	5	4	4	3	4	1	4	1	2	4	4	2	1	3	5	5	1	4	4	5	4	4	5	1	4	4	4	5	2	5	4	5	5	4	5	4	5	1	5	4	4	4	4	5	4	4	4	1	4	5	5	2	3	4	4	4	4	5	5	5	4	4	1	0	5	3	4	3	3	3	5	4	1	1	1	1	4	4	1	1	5	5	5	0	4	5	5	5	5	5	4	5	4	5	5	1	3	5	5	5
bra-2	0	4	4	1	4	4	2	0	4	4	3	5	1	4	2	1	1	1	1	4	1	1	1	1	1	1	3	4	4	4	5	4	1	4	4	4	4	1	1	4	3	4	4	1	1	1	4	4	1	5	4	1	1	1	4	1	4	4	1	1	4	3	4	4	4	0	4	4	4	1	1	1	1	4	4	4	4	4	4	4	4	4	1	4	4	3	4	4	1	0	2	1	3	2	4	4	4	4	4	4	4	3	4	4	4	1	4	4	4	4	1	4	4	4	4	4	4	4	4	0	4	0	4	4	4	1	4	4	4	1	4	4	3	3	4	3	4	4	4	5	1	1	4	4	5	2	1	4	1	4	4	1	1	4	0	4	0	2	3	4	4	4	4	1	1	1	5	1	1	1	1	4	4	1	0	2	4	1	1	4	1	3	1	4	1	4	1	4	5	4	4
brc-1	0	0	4	1	4	1	0	2	4	5	2	5	1	4	0	1	1	1	1	1	4	3	0	1	2	4	1	1	4	4	5	4	2	3	0	4	3	1	1	5	1	4	3	5	4	3	0	4	1	0	0	1	2	1	4	1	4	4	5	0	2	2	0	2	4	0	4	4	0	1	1	1	4	0	4	3	4	1	4	3	4	4	4	1	4	3	4	0	1	0	2	0	3	2	2	0	4	0	1	0	3	0	4	4	4	1	4	1	4	0	4	3	0	2	0	4	0	0	4	0	3	0	3	2	4	1	2	1	5	1	0	4	0	0	1	3	3	5	4	5	1	1	4	4	5	1	1	0	4	0	4	4	3	0	0	1	0	4	4	4	0	4	4	1	4	4	5	4	4	1	4	1	0	5	0	4	4	2	4	4	1	3	1	1	0	4	0	4	1	4	5
cbp-1	3	3	4	4	4	5	4	4	2	4	4	4	4	4	5	4	4	4	4	4	5	4	4	4	4	5	4	3	5	5	4	4	4	3	5	3	3	4	4	5	4	3	4	5	5	4	4	3	4	1	5	4	4	4	3	4	5	5	5	4	4	4	3	4	5	4	4	4	3	5	5	5	5	3	3	3	3	5	5	4	5	3	5	4	4	4	4	4	4	3	4	3	4	4	4	4	5	4	5	5	4	4	5	5	5	4	4	5	5	4	5	3	4	4	5	4	5	4	4	5	3	4	3	4	3	4	4	4	5	4	4	4	4	4	4	4	4	5	5	4	4	4	5	5	4	4	4	4	4	3	4	5	4	5	0	5	5	5	4	5	4	3	4	5	5	5	5	5	5	5	5	5	3	4	4	4	4	4	5	3	4	4	1	4	4	4	5	4	4	3	4
ccr-4	0	4	5	4	5	4	4	5	4	2	5	5	4	4	4	5	4	4	4	4	4	4	4	4	4	4	4	4	5	5	4	4	5	4	5	4	4	4	5	4	4	4	4	4	1	4	5	4	5	5	4	5	4	4	4	4	4	4	4	5	5	4	5	4	5	5	5	4	3	5	5	5	4	5	4	4	4	5	4	4	4	4	5	5	4	4	5	4	5	4	4	4	4	4	5	5	5	4	5	4	4	4	5	5	4	4	4	5	5	5	1	4	5	5	5	4	5	4	5	5	4	5	4	5	4	5	5	4	5	5	4	4	4	4	5	4	4	4	5	4	4	4	4	4	4	4	4	5	4	4	4	4	4	5	0	4	0	4	4	4	4	4	4	5	5	4	5	4	4	5	5	4	4	4	0	4	5	5	1	4	5	4	5	5	5	5	5	4	5	4	4
cdk-9	0	4	1	1	4	4	1	2	4	5	2	4	1	4	0	1	1	1	1	3	4	4	0	1	1	4	2	4	4	4	5	4	1	4	3	4	4	1	1	4	2	4	1	5	1	2	2	4	1	4	5	1	1	1	4	1	4	4	4	1	4	3	3	3	1	2	4	4	4	1	1	1	1	4	4	2	4	1	4	4	4	4	1	1	3	4	4	4	1	0	1	1	2	2	2	4	1	4	1	4	3	2	4	1	4	1	4	1	4	4	4	4	1	2	1	4	2	2	4	1	4	2	4	2	4	1	3	1	4	1	2	3	2	2	4	3	4	1	4	4	1	1	4	4	5	2	1	2	4	4	4	4	4	2	0	4	0	1	3	4	3	4	4	1	1	4	4	1	1	1	1	4	4	5	0	1	4	1	4	4	1	1	1	1	1	4	1	3	4	4	5
ced-6	0	5	4	5	3	4	5	5	4	5	4	2	5	4	5	5	5	5	5	4	5	5	5	5	5	5	4	4	4	4	5	4	5	5	3	4	4	5	5	4	4	4	4	5	5	4	3	4	5	1	5	5	5	5	4	5	5	5	5	5	3	3	3	3	1	3	4	4	4	5	5	5	5	4	4	3	4	4	4	5	4	4	1	4	4	4	3	3	5	5	5	5	3	5	3	3	1	5	1	4	3	4	4	1	4	5	5	3	2	5	5	4	2	3	2	5	2	3	4	0	4	3	4	4	4	5	4	4	4	5	3	4	4	3	4	4	4	4	4	3	5	5	4	4	5	4	5	2	5	5	5	5	5	1	0	5	0	5	4	4	3	4	5	4	4	5	1	5	5	4	4	5	4	4	0	5	4	5	5	5	5	4	5	3	5	4	1	4	4	4	5
ceh-13	3	3	3	3	4	5	3	3	4	4	3	5	2	3	3	1	2	2	2	4	4	3	3	2	2	5	3	4	5	5	5	3	1	3	5	3	3	3	1	4	3	3	3	4	4	3	4	3	1	5	4	2	3	2	4	2	4	4	4	1	4	3	3	4	5	3	4	3	3	5	5	5	4	4	3	3	3	5	5	3	5	3	5	4	4	3	4	4	1	3	3	2	3	3	3	4	5	3	5	5	4	3	5	5	5	1	3	5	5	4	2	3	5	3	5	3	5	3	4	5	3	4	4	4	4	1	4	3	5	1	3	4	3	3	4	3	3	4	5	5	2	2	5	5	5	3	4	5	3	3	3	4	3	5	0	4	3	4	3	4	3	3	3	5	5	5	5	4	4	5	5	4	3	4	0	3	4	1	1	3	1	3	1	5	1	3	5	4	5	3	5
ceh-20	3	2	1	1	4	5	4	4	4	4	4	4	1	2	4	1	1	1	1	4	4	4	1	1	1	5	4	2	5	5	4	2	1	4	5	2	3	4	1	4	4	2	4	4	4	3	4	2	1	1	1	1	4	1	2	1	4	4	4	1	1	4	3	4	5	4	1	2	3	5	5	5	4	1	3	3	3	5	5	4	5	2	5	1	4	3	4	4	1	4	4	2	4	4	4	4	5	4	5	5	4	4	5	5	5	1	1	5	4	4	4	3	4	1	5	4	4	4	1	5	2	4	1	1	4	1	4	1	5	1	3	4	4	3	1	4	3	4	5	4	1	1	5	5	4	4	4	4	1	3	1	4	4	5	4	1	4	4	4	4	4	2	4	5	5	5	5	4	4	5	5	1	2	1	0	4	1	1	1	4	1	4	1	4	1	1	5	4	1	4	4
ceh-21	0	4	5	1	5	1	2	0	5	4	0	5	1	4	2	4	4	4	4	1	2	1	1	4	1	1	1	4	4	4	5	4	1	4	4	4	4	1	5	1	1	4	4	4	1	4	0	4	5	5	4	4	1	1	4	4	1	1	1	1	5	4	4	4	4	0	5	4	4	1	1	1	1	5	4	4	4	4	4	4	4	4	4	5	4	4	5	4	4	0	4	0	4	3	4	5	1	4	1	1	4	4	4	1	4	4	4	4	4	4	1	4	4	5	1	2	5	4	5	0	4	0	4	5	5	1	5	4	4	5	4	4	1	0	5	3	4	4	4	5	1	4	4	4	5	1	1	5	1	4	4	2	4	1	0	5	0	1	3	3	0	4	1	4	4	1	5	1	1	4	4	5	4	4	0	2	5	5	1	4	5	4	4	4	1	5	4	4	5	4	4
ceh-27	3	3	3	3	4	5	3	3	4	5	3	5	3	3	4	2	3	3	3	4	5	3	4	3	3	5	4	3	5	5	5	3	2	4	5	3	3	4	1	5	4	3	3	5	5	3	3	3	2	4	5	3	4	3	3	2	5	5	5	2	3	3	3	3	5	3	4	3	3	5	5	5	5	3	3	3	3	5	5	3	5	3	5	3	4	3	4	4	2	3	3	3	3	3	3	3	5	4	5	5	3	3	5	5	5	2	4	5	5	4	5	3	5	3	5	4	4	3	4	5	3	3	3	3	4	1	3	3	5	2	3	4	3	3	3	3	3	5	5	5	4	2	5	5	5	4	4	5	4	3	4	5	3	5	4	1	3	5	4	5	3	3	4	5	5	5	5	5	5	5	5	1	3	5	5	4	3	2	5	3	2	3	2	4	1	3	5	4	4	3	5
ceh-32	4	3	3	4	4	5	3	3	4	4	3	5	2	3	4	1	2	2	2	4	4	3	4	2	2	5	4	4	5	5	5	3	1	4	5	3	3	4	1	4	4	3	3	4	4	3	4	3	1	5	4	2	4	2	4	2	4	4	4	1	4	3	3	4	5	3	4	3	3	5	5	5	4	4	3	3	3	5	5	3	5	3	5	4	4	3	4	4	1	3	3	2	3	3	3	4	5	4	5	5	4	3	5	5	5	1	4	5	5	4	1	3	5	3	5	4	5	3	4	5	3	5	4	4	4	1	4	3	5	1	3	4	3	3	4	3	3	4	5	5	1	2	5	5	5	4	4	5	4	3	4	4	3	5	4	1	3	4	4	4	3	3	4	5	5	5	5	4	4	5	5	1	3	4	5	4	4	1	1	3	1	3	1	4	1	3	5	4	4	4	5
ceh-36	3	3	3	3	4	5	3	3	4	4	3	5	2	3	4	1	2	2	2	4	4	3	4	2	2	5	4	3	5	5	5	3	1	4	5	3	3	4	1	5	4	3	3	4	4	3	3	3	1	5	4	2	4	2	3	2	5	5	4	2	4	3	3	4	5	3	4	3	3	5	5	5	4	4	3	3	3	5	5	3	5	3	5	4	4	3	4	4	1	3	3	2	3	3	3	4	5	4	5	5	4	3	5	5	5	1	4	5	5	4	4	3	5	3	5	4	5	3	4	5	3	4	4	3	4	1	3	3	5	1	3	4	3	3	4	3	3	4	5	5	1	2	5	5	5	4	4	5	4	3	4	4	3	5	4	1	3	4	4	4	3	3	4	5	5	5	5	4	4	5	5	1	3	4	5	4	4	1	1	3	1	3	1	4	1	3	5	4	4	4	5
ceh-37	4	3	3	4	4	5	3	3	4	4	3	5	2	3	4	1	2	2	2	4	4	3	4	2	2	5	4	4	5	5	5	3	1	4	5	3	3	4	1	4	4	3	3	4	4	3	4	3	1	5	4	2	4	2	4	2	4	4	4	1	4	3	3	4	5	3	4	3	3	5	5	5	4	4	3	3	3	5	5	3	5	3	5	4	4	3	4	4	1	3	3	2	3	3	3	4	5	4	5	5	4	3	5	5	5	1	4	5	5	4	1	3	5	3	5	4	5	3	4	5	3	5	4	4	4	1	4	3	5	1	3	4	3	3	4	3	3	4	5	5	1	2	5	5	5	4	4	5	4	3	4	4	3	5	0	1	3	4	4	4	3	3	4	5	5	5	5	4	4	5	5	1	3	4	0	4	4	1	1	3	1	3	1	4	1	3	5	4	4	4	5
ceh-38	0	4	4	1	4	1	4	3	4	4	1	4	4	4	3	4	4	4	4	2	4	4	4	4	1	4	4	4	1	4	5	4	1	4	4	4	4	4	4	4	1	4	4	4	4	4	1	4	4	5	5	1	4	1	4	4	4	4	4	1	4	2	4	4	1	4	4	4	4	1	1	1	4	4	4	4	4	1	4	4	4	4	1	4	3	4	4	4	4	0	4	1	4	4	3	4	1	4	1	1	4	1	4	1	4	4	4	1	4	2	5	4	4	4	1	4	4	4	4	0	4	4	4	4	4	1	4	4	4	4	4	4	4	4	4	4	4	4	4	4	1	4	1	4	4	1	1	4	4	4	1	4	4	1	0	5	0	1	3	4	2	4	4	1	1	1	1	4	4	1	1	5	4	5	0	4	4	4	4	4	4	4	1	4	1	4	1	4	5	4	5
ceh-39	4	4	5	4	5	4	3	4	5	4	4	5	4	4	2	5	4	4	4	4	2	4	4	4	4	4	4	4	4	4	5	4	4	4	4	4	4	4	5	4	4	4	4	2	1	4	4	4	5	5	4	4	4	4	4	4	4	4	2	5	5	4	4	4	5	4	5	4	3	4	4	4	1	5	4	4	4	4	4	4	4	4	5	5	4	4	5	4	5	4	4	4	4	4	4	5	5	4	4	4	4	4	4	5	4	4	4	4	4	4	1	4	4	5	4	3	5	4	5	5	4	5	4	5	4	5	4	4	5	5	4	4	4	4	5	4	4	4	4	5	4	4	4	4	4	4	4	5	4	4	4	3	4	5	0	5	4	4	4	3	4	4	4	4	5	1	5	1	1	4	5	5	4	4	4	4	5	5	1	4	5	4	5	4	5	5	5	4	5	4	4
ceh-40	0	4	4	1	4	4	3	1	4	4	4	5	1	4	3	1	1	1	1	4	4	2	1	1	1	4	3	4	4	4	5	4	1	4	4	4	3	1	1	4	3	4	4	4	1	4	4	4	1	5	4	1	1	1	4	1	4	4	4	1	4	4	4	4	5	3	4	4	3	4	4	4	1	4	4	4	4	4	4	4	4	4	5	1	4	3	5	4	1	3	4	1	3	3	4	4	5	4	5	4	4	4	5	5	4	1	4	4	5	4	1	4	5	4	5	3	5	4	4	4	4	4	4	4	4	1	4	4	5	1	4	4	3	4	4	3	3	4	5	5	1	1	4	4	5	4	4	5	1	3	4	4	2	4	0	4	4	4	3	4	4	4	3	5	5	1	5	1	1	5	5	4	4	1	0	3	4	1	1	4	1	4	1	4	1	4	5	4	5	4	4
ceh-41	0	3	4	2	5	5	3	0	4	4	0	5	1	3	3	4	4	4	4	4	4	3	2	4	1	4	3	4	5	5	5	3	1	3	5	3	3	4	5	4	4	3	3	4	4	3	0	3	4	5	4	4	4	1	4	4	4	4	4	1	4	3	3	4	4	0	5	4	3	5	5	5	4	4	3	3	3	5	4	4	4	3	5	4	5	3	5	5	4	0	4	2	4	3	4	5	5	3	5	4	4	3	5	5	5	4	2	5	5	5	4	3	5	4	5	4	5	4	4	0	3	0	4	4	4	1	5	4	5	4	3	4	4	3	5	4	3	4	5	4	1	4	5	5	5	3	4	5	2	3	2	4	3	5	0	5	0	4	3	4	0	3	3	5	4	5	5	4	4	5	4	5	3	4	0	3	4	4	1	3	4	3	4	5	1	3	5	4	5	3	4
ceh-43	4	3	3	4	4	5	3	3	4	4	3	5	2	3	4	1	2	2	2	4	4	3	4	2	2	5	4	4	5	5	5	3	1	4	5	3	3	4	1	4	4	3	3	4	4	3	4	3	1	5	4	2	4	2	4	2	4	4	4	1	4	3	3	4	5	3	4	3	3	5	5	5	4	4	3	3	3	5	5	3	5	3	5	4	4	3	4	4	1	3	3	2	3	3	3	4	5	4	5	5	4	3	5	5	5	1	4	5	5	4	4	3	5	3	5	4	5	3	4	5	3	4	4	4	4	1	4	3	5	1	3	4	3	3	4	3	3	4	5	5	1	2	5	5	5	4	4	5	4	3	4	4	3	5	4	1	3	4	4	4	3	3	4	5	5	5	5	4	4	5	5	1	3	4	5	4	4	1	1	3	1	3	1	4	1	3	5	4	4	4	5
ceh-44	0	4	3	1	4	5	3	2	4	4	3	5	2	3	3	1	2	2	2	3	4	3	3	2	2	4	3	4	5	5	5	3	1	4	4	3	3	4	1	4	3	3	3	4	1	2	4	3	1	5	4	2	1	2	4	1	4	4	4	1	4	3	3	4	5	3	4	4	3	5	5	5	4	4	3	3	3	5	4	3	5	3	4	4	4	3	4	4	1	0	2	2	3	3	3	4	5	4	5	5	4	3	5	5	5	1	4	5	5	4	1	3	5	3	5	4	5	3	4	4	4	4	4	4	4	1	4	3	5	1	3	4	3	3	4	3	3	4	5	5	1	2	5	5	5	3	4	5	1	3	4	4	3	4	0	4	0	2	3	4	3	3	4	4	4	5	5	4	4	4	4	4	3	4	0	3	4	1	1	4	1	3	1	4	1	3	5	4	5	4	5
ceh-49	0	5	5	5	5	1	3	4	5	4	4	5	5	5	3	5	5	5	5	4	4	4	4	5	4	2	4	5	4	4	5	4	5	4	4	4	4	4	5	1	4	5	4	2	4	4	4	4	5	5	5	5	4	5	5	5	2	2	4	5	5	4	4	4	4	4	5	5	4	1	1	1	4	5	4	4	4	4	3	4	3	4	1	5	4	4	4	4	5	4	4	5	4	4	4	4	1	4	1	2	4	4	4	1	4	5	5	4	4	4	4	4	4	5	1	4	4	4	5	4	5	4	4	5	4	5	4	5	4	5	4	4	4	4	5	4	4	4	4	4	5	5	4	4	4	4	4	4	4	4	4	3	4	4	0	5	0	1	4	3	4	4	4	1	1	1	5	4	4	1	1	5	5	4	0	4	5	5	5	4	5	4	5	4	5	5	1	4	5	4	4
cep-1	4	4	4	1	4	4	1	3	4	4	2	4	1	4	3	4	4	4	4	4	4	1	1	4	1	4	2	4	1	4	5	4	1	4	4	4	4	1	4	4	2	4	4	4	1	4	1	4	4	5	1	4	1	1	4	4	4	4	4	1	4	3	4	4	1	3	4	4	4	1	1	1	1	4	4	4	4	1	4	4	4	4	1	4	4	4	4	4	4	4	4	1	3	3	3	4	1	4	1	1	4	2	4	1	4	4	4	1	4	1	1	4	4	4	1	4	4	2	4	1	4	4	4	4	4	1	4	4	4	4	4	1	2	3	4	3	4	1	4	4	1	4	4	4	5	1	1	4	1	4	4	1	4	1	0	5	2	1	3	4	1	4	4	1	1	1	1	1	1	1	1	5	4	4	0	2	4	4	1	4	4	4	1	4	1	4	1	4	5	4	5
cey-1	3	2	1	1	4	5	4	3	1	4	4	4	4	2	4	1	4	1	4	4	4	4	4	4	4	5	4	2	5	5	4	3	1	4	4	3	3	4	1	5	4	1	3	5	5	3	4	3	1	1	5	1	4	1	2	1	5	5	4	1	1	4	3	3	5	3	1	2	3	5	5	5	4	1	3	3	3	5	6	4	5	3	5	1	4	4	4	4	1	4	4	1	3	4	4	3	5	4	5	5	4	4	5	5	5	1	4	5	4	4	4	3	4	2	5	4	4	4	1	5	4	4	2	1	4	1	3	1	5	1	3	4	4	3	1	4	3	4	5	4	4	1	5	5	5	4	4	4	4	4	1	5	4	5	0	1	0	5	4	5	4	3	4	5	5	5	5	5	5	5	5	1	2	4	0	4	1	1	1	4	1	4	1	4	1	1	5	4	1	4	1
cey-2	4	5	5	5	3	3	4	4	5	5	4	4	5	5	4	5	5	5	5	3	4	4	5	5	5	4	3	5	2	3	5	5	5	5	4	5	5	5	5	4	4	5	4	5	4	4	3	5	5	5	5	5	5	5	5	5	4	4	4	5	5	3	4	4	1	3	5	5	5	4	4	4	4	5	5	4	5	3	3	4	3	5	1	5	3	4	4	4	5	5	4	5	3	4	3	4	1	5	1	3	4	4	3	1	3	5	5	2	3	4	5	4	3	4	2	4	4	3	5	2	5	3	5	5	4	5	4	5	4	5	4	4	3	3	5	4	4	3	4	4	5	5	3	3	5	4	4	3	5	5	5	4	4	1	3	5	4	4	4	3	3	5	4	1	1	4	1	4	4	1	1	5	5	5	4	4	5	5	5	5	5	4	5	4	5	5	1	3	5	5	5
cey-3	0	5	5	5	4	1	4	4	5	5	4	4	5	5	4	5	5	5	5	4	4	4	5	5	5	4	4	5	1	2	4	5	5	5	4	5	4	4	5	4	4	5	4	4	4	4	4	5	5	5	5	5	4	5	5	5	4	4	4	5	5	4	4	4	1	4	5	5	7	1	1	1	4	5	6	4	4	1	3	4	4	5	1	5	4	4	4	4	5	5	4	5	4	4	4	4	1	4	1	4	4	4	2	1	3	5	5	1	4	4	4	4	4	5	1	4	4	4	5	1	5	4	5	5	4	5	4	5	1	5	4	4	4	4	5	4	4	4	1	4	5	5	2	4	4	4	4	4	5	4	5	4	4	1	4	5	4	4	4	3	3	5	4	1	1	1	1	4	4	1	1	5	5	5	0	4	5	5	5	5	5	4	5	4	5	5	1	3	5	5	5
cey-4	4	4	5	5	5	5	5	5	4	4	5	5	5	4	5	5	5	5	5	5	5	5	5	5	5	5	5	4	5	4	2	4	5	4	4	4	4	5	5	5	5	4	5	5	5	5	5	4	5	5	5	5	5	5	4	5	5	5	5	5	5	5	4	5	5	5	5	4	4	5	5	5	5	5	4	5	4	5	4	5	5	4	5	5	4	5	5	3	5	5	5	5	5	5	5	5	5	4	5	5	4	5	4	5	4	5	4	5	5	4	5	4	5	5	5	5	5	5	4	5	4	5	4	5	4	5	5	5	4	5	5	5	5	5	5	5	4	5	4	3	5	5	4	4	4	5	5	5	5	4	4	5	5	5	0	5	5	5	4	4	5	4	4	5	5	5	5	5	5	5	5	5	4	5	4	5	4	5	5	4	5	5	5	5	5	5	5	3	5	4	4
chd-3	4	1	1	1	4	5	4	4	4	4	4	4	1	2	4	1	1	1	1	4	4	4	1	1	1	4	4	1	5	5	4	2	1	4	5	2	3	4	1	4	4	1	4	4	4	4	4	2	1	1	4	1	1	1	1	1	4	4	4	1	1	4	4	4	5	4	1	1	3	5	5	5	4	4	3	3	3	5	4	4	4	2	5	1	4	3	4	4	1	4	4	2	4	4	4	4	5	4	5	4	4	4	5	5	5	1	1	5	4	4	1	3	4	1	5	4	4	4	1	5	2	4	1	1	4	1	4	1	5	1	4	4	4	3	1	4	3	4	5	4	1	1	5	5	4	4	4	4	1	3	1	4	4	5	4	1	4	4	4	4	4	2	4	5	5	5	5	4	4	5	5	1	2	1	5	4	1	1	1	4	1	1	1	4	1	1	5	4	1	4	4
cnd-1	0	3	3	2	3	5	3	2	4	5	3	5	3	3	3	2	3	3	3	3	4	3	3	3	3	5	3	3	5	5	5	3	2	3	4	3	3	4	1	5	3	3	3	5	5	3	3	3	1	5	4	3	3	3	3	2	5	5	4	2	3	3	3	3	5	3	4	3	3	5	5	5	4	3	3	3	3	5	5	3	5	3	5	2	3	3	4	3	2	0	3	3	3	3	3	3	5	4	5	5	3	3	5	5	5	2	4	5	5	3	5	3	5	3	5	3	4	3	4	3	3	4	3	3	3	1	3	3	5	1	3	3	3	3	4	3	3	4	5	5	4	2	5	5	5	3	4	4	4	3	4	5	3	3	0	4	3	4	3	5	3	3	3	5	5	5	5	5	5	5	5	4	3	5	0	3	4	2	5	3	1	3	2	4	2	3	5	3	5	3	5
daf-14	0	2	1	2	4	5	4	1	1	4	4	5	1	4	4	4	4	4	4	4	4	4	1	4	4	4	4	4	5	5	4	4	1	2	5	3	3	4	1	4	4	2	4	4	4	3	4	3	4	4	1	1	1	1	4	4	4	4	4	1	4	4	4	4	5	4	4	4	3	5	5	5	4	2	3	3	3	5	4	4	5	3	5	4	4	4	4	4	4	3	4	2	4	4	4	4	5	4	5	5	4	4	5	5	5	1	2	5	5	4	1	2	5	4	5	4	5	4	1	5	2	4	3	4	1	1	4	4	5	4	4	4	4	4	4	4	3	4	5	4	1	4	5	5	4	4	4	5	1	3	1	4	4	5	0	5	0	4	4	4	4	3	4	5	5	5	5	4	4	5	5	5	3	1	0	4	4	4	1	3	4	4	1	4	1	4	5	4	4	3	1
daf-19	0	5	5	4	4	4	4	0	5	5	1	1	5	5	4	5	5	5	5	4	4	4	5	5	4	4	4	4	4	4	4	5	4	5	2	5	4	5	5	4	4	5	4	5	5	4	1	5	5	4	4	5	5	5	5	5	4	4	5	4	4	4	4	4	1	0	4	4	7	4	4	4	5	4	4	4	4	4	4	4	4	5	1	5	2	4	4	4	5	4	4	5	4	4	4	4	1	5	1	4	3	4	2	1	4	5	5	1	1	1	5	4	2	4	1	4	4	4	4	1	5	2	5	5	4	4	4	5	1	5	4	4	4	4	5	4	5	4	1	4	5	5	4	4	4	4	4	4	5	5	5	4	4	1	0	5	0	4	4	4	3	5	4	1	1	5	1	5	5	1	1	5	4	5	0	4	5	5	5	5	5	5	4	1	1	4	1	4	5	4	5
daf-3	4	2	1	1	4	5	4	4	1	4	4	4	1	2	4	1	1	1	1	4	4	4	1	1	1	4	4	1	5	5	4	2	1	1	5	2	3	4	1	4	4	1	4	4	4	3	4	2	1	1	4	1	1	1	1	1	4	4	4	1	1	3	3	4	5	4	1	1	3	5	5	5	4	4	3	3	3	5	4	4	4	2	5	1	4	3	4	4	1	3	4	2	4	4	4	4	5	4	5	4	4	4	5	5	5	1	1	5	5	4	1	3	4	1	5	4	4	4	1	5	1	4	1	1	4	1	4	1	5	1	4	4	4	3	1	4	3	4	5	4	1	1	5	5	4	4	4	4	1	3	1	4	4	5	4	1	4	4	4	4	4	2	4	5	5	5	5	4	4	5	5	1	2	1	0	4	1	1	1	4	1	4	1	4	1	1	5	4	1	4	1
die-1	4	1	1	1	4	4	4	1	1	4	4	4	1	1	4	1	1	1	1	4	4	1	1	1	1	4	4	1	5	4	4	1	1	1	4	1	2	1	1	4	4	1	4	4	1	4	4	1	1	1	1	1	1	1	1	1	4	4	1	1	1	4	4	4	5	4	1	1	2	4	4	4	4	1	4	4	4	4	7	4	4	1	5	1	4	4	4	4	1	1	4	1	4	4	4	4	5	4	5	4	4	4	5	5	4	1	1	5	4	4	1	1	4	1	5	4	4	4	1	5	1	4	1	1	1	1	4	1	5	1	4	4	4	4	1	4	4	4	5	4	1	1	4	7	4	4	4	4	1	2	1	4	1	5	0	1	4	4	4	7	4	1	4	5	5	4	5	4	4	5	5	1	1	1	0	4	1	1	1	4	1	1	1	4	1	1	5	4	1	1	1
dlx-1	4	4	4	4	4	4	3	3	4	4	3	5	1	4	3	4	4	4	4	4	4	3	4	4	4	4	3	4	5	4	5	4	4	4	5	4	3	2	4	4	3	4	3	4	1	4	4	4	4	5	4	4	2	1	4	4	4	4	4	1	4	3	4	4	5	3	4	4	3	4	4	4	4	4	4	4	4	4	4	4	5	4	5	4	4	3	5	4	4	3	3	2	3	3	3	4	5	3	5	4	4	3	5	5	4	4	4	5	5	4	2	4	5	4	5	3	5	3	4	5	4	4	4	4	4	1	4	4	5	4	4	4	3	3	4	3	3	4	5	5	1	4	4	5	5	3	4	5	4	3	4	4	3	5	0	5	3	3	3	4	4	4	3	5	5	4	5	4	4	5	5	5	4	4	0	3	4	4	1	4	4	3	1	5	1	4	5	4	5	4	5
dmd-5	3	3	3	3	3	5	3	3	4	5	3	5	3	3	5	3	3	3	3	4	5	3	5	3	3	5	4	3	5	5	5	3	3	3	5	3	3	4	2	5	4	3	3	5	5	3	3	3	3	4	5	3	3	3	3	3	5	5	5	3	3	3	3	3	5	3	3	3	3	5	5	5	5	3	3	3	3	5	5	3	5	3	5	3	4	3	3	3	3	3	3	3	3	3	3	3	5	4	5	5	3	3	5	5	5	3	4	5	5	4	5	3	5	3	5	4	4	3	3	4	3	4	3	3	4	4	3	3	5	2	3	5	4	3	3	3	3	5	5	5	4	3	5	5	5	4	4	4	4	3	4	5	3	5	0	1	4	5	4	5	3	3	4	5	5	5	5	5	5	5	5	2	3	5	5	4	3	3	5	3	3	3	3	4	4	3	5	4	4	3	5
dnj-11	0	5	5	5	4	1	4	5	5	4	4	4	4	4	3	5	4	5	4	4	4	4	4	4	4	3	4	5	4	4	5	4	5	4	4	4	4	4	5	2	4	5	4	4	4	4	4	4	5	5	4	5	4	5	5	5	4	4	4	5	5	4	4	4	1	4	5	5	4	1	1	1	4	5	4	4	4	4	3	4	3	4	1	5	4	4	4	4	5	4	4	5	4	4	4	4	1	4	4	3	4	4	4	4	4	5	4	4	4	4	4	4	4	5	4	4	4	4	5	4	4	4	4	5	4	5	4	5	4	5	4	4	4	4	5	4	4	4	4	4	4	5	4	4	4	4	4	4	4	4	4	4	4	4	0	5	0	1	3	3	3	4	4	1	1	4	1	4	4	1	1	5	5	4	0	4	5	5	5	4	5	4	5	4	5	5	1	4	5	4	4
dpl-1	4	4	4	1	4	4	1	3	4	4	2	4	1	4	3	4	4	4	4	3	4	1	4	4	1	4	2	4	4	4	5	4	1	4	4	4	4	1	4	4	2	4	4	4	1	1	1	4	4	5	4	1	1	1	4	4	4	4	4	1	4	3	4	4	1	2	4	4	4	1	1	1	1	4	4	3	4	1	4	4	4	4	1	4	4	4	4	4	4	4	1	1	3	3	2	4	1	4	1	4	4	2	4	1	4	4	4	1	4	4	1	4	4	4	1	4	4	2	4	1	4	4	4	4	4	1	4	4	4	4	4	4	2	3	4	3	4	1	4	4	1	4	4	4	5	2	1	4	1	4	4	1	4	1	0	5	2	1	3	4	3	4	4	1	1	1	4	1	1	1	1	5	4	4	0	2	4	4	1	4	4	4	1	4	1	4	1	4	5	4	5
dpy-22	0	2	2	1	4	5	4	4	1	4	4	4	1	2	4	1	1	1	1	4	4	4	1	1	1	5	4	3	5	5	4	3	1	2	5	3	3	4	1	5	4	2	3	5	4	3	4	3	1	1	4	1	4	1	3	1	5	5	4	2	4	3	3	4	5	4	4	3	3	5	5	5	4	3	3	3	3	5	5	4	5	3	5	1	4	3	4	4	1	3	4	2	4	4	4	4	5	4	5	5	4	4	5	5	5	1	1	5	5	4	4	3	4	4	5	4	5	4	1	5	2	4	3	2	4	1	4	1	5	1	3	4	4	3	1	4	3	4	5	4	1	1	5	5	4	4	4	4	4	3	1	4	4	4	0	4	0	5	4	5	3	3	4	5	5	5	5	4	4	5	5	4	3	1	0	4	1	1	1	4	1	4	1	4	1	4	5	4	1	4	4
dpy-26	4	4	1	1	4	4	4	1	4	4	3	4	1	4	4	1	1	1	1	4	4	4	1	1	1	4	4	1	4	4	5	4	1	4	4	4	4	1	1	4	4	1	2	4	1	1	4	4	1	1	4	1	1	1	4	1	4	4	4	1	1	3	4	4	5	2	1	4	3	4	4	4	4	4	4	3	4	4	4	4	4	4	1	1	4	2	4	4	1	1	3	1	3	4	4	1	4	4	4	4	4	4	4	4	4	1	1	4	4	4	1	2	4	1	4	4	4	4	4	4	4	1	4	1	4	1	1	1	4	1	4	4	3	3	1	3	3	4	4	4	1	1	4	4	5	4	1	1	1	4	1	4	1	4	0	1	0	1	4	4	4	4	4	4	1	4	5	4	4	1	1	1	4	1	0	4	1	1	1	4	1	2	1	4	1	1	4	4	1	4	4
efl-1	0	5	5	5	5	4	3	5	5	4	5	5	4	4	4	5	4	4	4	4	2	4	4	4	4	2	4	5	5	4	5	4	5	4	5	4	4	4	5	4	4	5	4	2	1	4	5	4	5	5	4	4	4	4	5	5	3	3	2	5	5	4	5	5	5	5	5	5	3	1	4	1	4	5	4	4	4	4	4	4	4	4	5	5	5	4	5	4	5	4	4	4	4	4	4	5	5	4	5	4	4	4	5	5	4	5	4	5	5	5	1	4	5	5	5	3	5	4	5	5	4	5	4	5	5	5	5	4	5	5	5	5	4	5	5	4	4	4	5	4	4	5	4	4	4	4	4	5	4	4	4	3	4	5	0	4	0	4	4	3	5	4	4	5	4	1	5	4	4	4	4	4	5	4	0	4	5	5	1	4	5	4	5	5	5	5	5	4	5	4	4
egl-18	4	4	5	4	5	4	3	4	5	3	3	5	4	4	3	5	4	4	4	4	3	3	4	4	3	4	3	5	4	4	5	4	5	4	5	4	3	3	5	4	3	4	3	3	2	4	5	4	5	5	3	4	3	4	4	4	3	3	3	5	5	3	5	5	5	3	5	5	3	4	4	4	2	5	4	4	4	4	4	3	5	4	5	5	5	3	5	5	5	3	3	3	3	3	3	5	5	3	5	4	5	3	5	5	4	5	4	4	5	5	2	4	5	4	5	3	5	3	5	5	4	5	5	5	5	5	5	4	5	5	4	4	3	3	5	3	3	3	5	5	4	5	4	4	5	3	3	5	4	3	4	3	3	5	0	5	3	3	3	3	3	4	3	5	5	1	5	2	2	5	5	5	4	4	5	3	5	5	1	4	5	3	5	5	5	5	5	4	5	5	5
egl-27	3	1	1	1	1	4	3	1	4	4	2	4	1	1	4	1	1	1	1	4	4	4	1	1	2	4	4	1	4	4	5	4	1	1	4	1	4	4	1	4	3	1	3	4	4	2	4	1	1	4	4	1	4	1	1	1	4	4	4	1	1	3	2	4	4	2	1	4	3	4	4	4	4	4	4	3	4	4	4	4	4	4	1	1	4	3	4	4	1	4	3	2	3	4	4	1	1	4	4	4	4	3	4	4	4	1	1	4	4	4	1	2	4	2	4	4	1	2	1	1	1	1	1	1	4	1	1	1	4	1	2	4	3	3	1	3	3	4	4	5	1	1	4	4	5	2	4	1	1	4	1	4	4	1	0	4	0	3	4	4	4	1	4	4	1	5	5	4	4	1	1	4	1	1	0	4	1	1	1	4	1	2	1	4	1	1	1	4	4	4	5
ekl-4	0	4	1	1	1	4	4	0	4	5	2	1	4	4	0	1	4	1	4	3	4	4	0	4	4	4	3	4	1	4	5	4	1	4	3	4	4	4	1	4	3	4	4	5	5	4	2	4	1	4	5	1	4	1	4	1	4	4	4	1	2	3	3	2	1	0	4	4	0	4	1	4	4	4	4	3	4	4	4	4	4	4	1	1	3	4	4	4	1	0	4	0	3	3	3	2	1	5	1	4	3	2	4	1	4	1	4	1	1	1	5	3	2	2	1	4	2	2	4	2	4	2	4	1	4	1	2	1	4	1	3	4	3	2	1	3	4	4	4	4	4	1	4	4	5	4	4	2	4	4	4	4	4	2	0	4	0	4	3	4	2	4	4	1	1	4	1	4	4	1	1	4	4	5	0	4	1	1	4	4	1	4	1	1	1	1	1	4	4	4	5
elt-1	4	2	1	1	4	5	4	4	1	4	4	4	1	2	4	1	1	1	1	4	4	4	1	1	1	4	4	1	5	5	4	2	1	1	5	2	3	4	1	4	4	1	4	4	4	3	4	2	1	1	4	1	4	1	1	1	4	4	4	1	1	4	3	4	5	4	1	1	3	5	5	5	4	4	3	3	3	5	4	4	4	2	5	1	4	4	4	4	1	4	4	2	4	4	4	4	5	4	5	4	4	4	5	5	5	1	1	5	4	4	4	3	4	1	5	4	4	4	1	5	2	4	1	1	4	1	4	1	5	1	4	4	4	3	1	4	3	4	5	4	1	1	5	5	4	4	4	4	1	3	1	4	4	5	4	1	4	4	4	4	4	2	4	5	5	5	5	4	4	5	5	1	2	1	4	4	1	1	1	4	1	4	1	4	1	1	5	4	1	4	4
elt-2	3	3	3	3	4	5	3	3	4	5	3	5	3	3	5	2	3	3	3	4	5	3	4	3	3	5	4	3	5	5	5	3	3	4	5	3	3	4	1	5	4	3	3	5	5	3	3	3	2	4	5	3	4	3	3	3	5	5	5	3	3	3	3	3	5	3	4	3	3	5	5	5	5	3	3	3	3	5	5	3	5	3	5	3	4	3	4	4	2	3	3	3	3	3	3	3	5	4	5	5	3	3	5	5	5	3	4	5	5	4	5	3	5	3	5	4	4	3	4	5	3	3	3	3	4	1	3	3	5	2	3	4	3	3	3	3	3	5	5	5	4	3	5	5	5	4	4	4	4	3	4	5	3	5	4	1	3	5	4	5	3	3	4	5	5	5	5	5	5	5	5	1	3	5	5	4	3	2	5	3	2	3	2	4	4	3	5	4	4	3	5
elt-3	0	4	2	5	3	5	5	0	3	5	4	3	5	3	5	4	5	5	5	5	5	5	5	5	5	5	5	3	5	5	5	3	5	4	4	3	3	5	4	5	5	3	3	5	5	4	4	3	4	2	5	5	5	5	3	5	5	5	5	4	3	4	4	3	5	3	2	3	3	5	5	5	5	3	3	3	3	5	5	5	5	3	5	2	5	3	3	4	4	4	4	4	3	5	4	3	5	5	5	5	3	5	5	5	5	5	5	4	3	5	5	3	3	2	4	5	3	4	3	4	3	3	3	2	3	4	3	3	5	4	3	5	4	3	2	3	3	5	5	3	5	5	5	5	5	5	5	3	4	4	5	5	4	4	0	4	4	5	5	5	4	3	5	5	5	5	5	5	5	5	5	4	3	4	0	5	3	4	5	5	4	3	4	3	4	2	5	5	2	3	4
elt-6	0	4	4	5	5	5	4	0	5	4	5	5	4	3	4	5	4	4	4	5	4	4	4	4	4	5	3	5	5	5	5	4	4	3	4	4	3	4	5	4	4	4	4	4	1	4	5	4	5	5	2	4	4	4	4	4	4	4	4	5	5	4	0	5	4	0	5	3	0	5	5	5	4	3	3	5	3	5	5	4	5	4	4	5	5	4	5	5	5	0	4	0	3	4	5	5	4	4	4	5	5	4	5	4	5	5	4	5	5	0	1	4	5	4	4	4	4	4	5	0	4	5	5	5	5	5	5	3	5	5	4	1	3	0	5	4	4	3	5	4	4	5	5	5	4	4	4	5	4	3	4	4	4	4	0	5	0	4	4	3	0	4	4	4	4	5	4	4	4	4	4	5	3	4	0	4	5	5	1	4	5	4	5	5	0	4	4	4	5	4	5
elt-7	3	3	3	3	4	5	3	3	4	5	3	5	2	3	4	1	2	2	2	3	4	3	4	2	2	5	4	3	5	5	5	3	1	3	5	3	3	4	1	5	3	3	3	4	4	3	3	3	1	5	4	2	2	2	3	2	4	4	4	2	4	3	3	4	5	3	4	3	3	5	5	5	4	3	3	3	3	5	5	3	5	3	5	4	4	3	4	4	1	3	3	2	3	3	3	3	5	4	5	5	4	3	5	5	5	1	4	5	5	4	1	3	5	3	5	4	4	3	4	5	3	4	4	3	4	1	3	3	5	1	3	4	3	3	4	3	3	4	5	5	1	2	5	5	5	3	4	4	4	3	4	4	3	5	0	1	3	3	4	5	3	3	4	5	5	5	5	4	4	5	5	1	3	4	0	4	4	1	1	3	1	3	1	4	1	3	5	4	5	3	5
end-1	0	4	3	1	4	5	3	2	4	4	3	5	1	4	3	4	4	4	4	4	4	3	4	4	3	4	3	4	5	4	5	3	1	3	5	3	3	2	1	4	3	4	3	4	1	4	4	4	4	5	4	2	2	1	4	4	4	4	4	1	4	3	4	4	5	3	4	4	3	4	5	4	1	4	4	4	3	4	4	4	5	4	5	4	4	3	5	4	4	3	3	2	3	3	3	4	5	3	5	5	4	3	5	5	4	1	4	5	5	4	2	3	5	3	5	3	5	3	4	5	4	4	4	4	4	1	4	3	5	4	4	4	3	3	4	3	3	4	5	5	1	4	4	5	5	3	4	5	4	3	4	4	3	5	0	5	3	3	3	4	4	4	3	5	5	1	5	1	1	5	5	5	3	4	0	3	4	4	1	4	4	3	1	5	1	4	5	4	5	4	5
eor-1	4	3	3	1	4	5	3	3	4	4	3	5	2	3	3	1	2	2	2	3	4	3	3	2	2	5	3	3	5	5	5	3	1	3	5	3	3	3	1	5	3	3	3	4	4	3	3	3	1	5	4	2	3	2	3	2	4	4	4	1	4	3	3	4	5	3	4	3	3	5	5	5	4	4	3	3	3	5	5	3	5	3	5	1	4	3	4	4	1	3	3	2	3	3	3	3	5	3	5	5	4	3	5	5	5	1	2	5	5	4	3	3	5	3	5	3	4	3	4	5	3	4	4	2	4	2	4	3	5	1	3	4	3	3	4	3	3	4	5	5	2	2	5	5	5	3	4	5	3	3	2	4	3	5	0	4	3	3	3	5	3	3	3	5	5	5	5	4	4	5	5	4	3	4	0	3	4	1	1	3	1	3	1	5	1	3	5	4	5	3	5
eya-1	3	2	1	1	4	5	4	4	1	4	4	4	4	2	4	1	4	1	4	4	4	4	4	4	4	5	4	2	5	5	4	3	1	4	5	3	3	4	1	5	4	1	4	5	4	3	4	3	1	1	4	1	4	1	2	1	5	5	4	2	1	4	3	4	5	3	1	2	3	5	5	5	4	4	3	3	3	5	5	4	4	3	5	1	4	3	4	4	1	4	4	2	4	4	4	4	5	4	5	5	4	4	5	5	5	1	4	5	4	4	4	3	4	1	5	4	4	4	1	5	3	4	2	2	4	1	3	1	5	1	3	4	4	3	1	4	3	4	5	4	4	1	5	5	5	4	4	4	4	3	4	4	4	5	0	1	4	5	4	5	4	2	4	5	5	5	5	4	4	5	5	1	2	4	0	4	1	1	1	4	1	4	1	4	1	1	5	4	1	4	4
fkh-2	3	3	3	3	4	5	3	3	4	4	3	5	2	3	4	2	2	2	2	4	4	3	4	2	3	5	4	3	5	5	5	3	2	4	5	3	3	4	1	5	4	3	3	5	4	3	3	3	1	5	4	2	4	2	3	2	5	5	4	2	4	3	3	3	5	3	4	3	3	5	5	5	4	3	3	3	3	5	5	3	5	3	5	3	4	3	4	4	2	3	3	2	3	3	3	4	5	4	5	5	4	3	5	5	5	2	4	5	5	4	4	3	5	3	5	4	4	3	4	5	3	4	3	3	4	1	3	3	5	1	3	4	3	3	4	3	3	4	5	5	1	2	5	5	5	4	4	5	4	3	4	4	3	5	0	1	3	5	4	5	3	3	4	5	5	5	5	4	4	5	5	1	3	4	0	4	4	2	1	3	1	3	2	4	1	3	5	4	4	4	5
fkh-3	4	5	5	5	5	4	4	4	5	4	4	5	4	4	3	5	4	5	4	4	4	4	4	4	4	2	4	5	4	4	5	4	5	4	4	4	4	4	5	4	4	5	4	1	1	4	4	4	5	5	4	4	4	4	5	5	2	2	4	5	5	4	4	4	5	4	5	5	4	1	1	1	4	5	4	4	4	4	3	4	4	4	4	5	4	4	4	4	5	4	4	5	4	4	4	4	4	4	4	4	4	4	4	4	4	5	4	4	4	4	4	4	4	5	4	4	4	4	5	4	4	4	4	5	4	5	4	5	4	5	4	4	4	4	5	4	4	4	4	4	4	5	4	4	4	4	4	4	4	4	4	2	4	4	4	5	4	1	4	3	4	4	4	1	1	1	5	1	1	1	1	5	5	4	4	4	5	5	4	4	5	4	5	4	5	5	4	4	5	4	4
fkh-4	4	5	5	5	5	4	4	4	5	4	4	5	4	4	3	5	4	5	4	4	4	4	4	4	4	2	4	5	4	4	5	4	5	4	4	4	4	4	5	4	4	5	4	1	1	4	4	4	5	5	4	4	4	4	5	5	2	2	4	5	5	4	4	4	5	4	5	5	4	1	1	1	4	5	4	4	4	4	3	4	4	4	4	5	4	4	4	4	5	4	4	5	4	4	4	4	4	4	4	4	4	4	4	4	4	5	4	4	4	4	4	4	4	5	4	4	4	4	5	4	4	4	4	5	4	5	4	5	4	5	4	4	4	4	5	4	4	4	4	4	4	5	4	4	4	4	4	4	4	4	4	2	4	4	4	5	4	1	4	3	4	4	4	1	1	1	5	1	1	1	1	5	5	4	4	4	5	5	4	4	5	4	5	4	5	5	4	4	5	4	4
fkh-5	4	4	5	4	5	4	3	5	5	4	4	5	4	4	3	5	4	4	4	4	2	4	4	4	4	4	4	4	4	4	5	4	4	4	5	4	3	4	5	4	4	4	4	2	1	4	4	4	5	5	4	4	4	4	4	4	4	4	2	5	5	4	4	4	5	4	5	4	3	4	4	4	1	5	4	4	4	4	4	4	4	4	5	5	5	3	5	4	5	3	4	4	4	4	4	5	5	4	5	4	4	4	5	5	4	4	4	4	5	5	1	4	5	5	5	3	5	4	5	5	4	5	4	5	5	5	5	4	5	5	4	4	4	4	5	4	4	4	5	5	4	4	4	4	4	4	4	5	4	3	4	3	4	5	0	5	4	4	3	3	4	4	4	5	5	1	5	1	1	5	5	5	4	4	0	4	5	5	1	4	5	4	5	5	5	5	5	4	5	4	4
fkh-7	0	3	2	2	4	5	3	0	4	5	3	5	3	3	3	2	3	2	3	3	5	3	3	3	3	5	3	3	5	5	5	3	2	3	4	3	3	3	1	5	3	2	3	5	5	3	3	3	1	4	5	2	3	3	2	2	5	5	5	2	2	3	3	3	5	0	1	3	3	5	5	5	5	2	3	3	3	5	5	4	5	3	5	2	3	3	4	3	2	3	3	2	3	3	3	3	5	5	5	5	3	3	5	5	5	2	3	5	5	3	4	3	5	2	5	3	4	3	1	5	3	4	2	2	3	2	3	3	5	2	3	4	3	3	2	3	3	5	5	5	3	2	5	5	5	3	4	4	3	3	3	5	3	4	0	4	0	5	3	5	3	3	3	5	5	5	5	5	5	5	5	4	3	5	0	3	2	2	5	3	1	3	2	4	2	2	5	3	4	3	5
flt-1	0	3	2	4	1	5	4	2	4	5	4	1	4	3	5	1	4	4	4	4	5	4	4	4	4	5	4	3	5	5	5	3	1	4	4	3	3	4	1	5	4	4	3	5	5	3	2	3	1	1	5	4	4	4	3	4	5	5	5	2	2	3	3	3	4	0	1	3	3	5	5	5	5	4	3	3	3	5	5	4	4	3	4	2	4	3	1	4	1	0	4	3	3	4	3	2	4	4	5	5	3	4	5	5	5	4	4	5	4	1	5	3	1	2	5	4	2	3	4	0	4	2	3	2	4	1	2	4	5	2	3	4	4	3	2	3	3	5	5	4	4	4	5	5	5	4	4	2	4	4	4	5	4	1	0	1	0	4	4	5	3	3	4	4	4	5	4	5	5	4	4	1	3	4	0	4	2	1	5	4	1	3	1	1	1	1	4	4	1	4	5
gei-11	0	4	1	1	1	1	1	2	4	4	1	1	1	4	4	1	1	1	1	2	4	4	1	1	1	4	1	4	1	4	5	4	1	4	4	1	4	1	1	4	1	1	1	4	1	1	1	4	1	4	4	1	1	1	4	1	4	4	4	1	1	2	4	1	1	1	4	4	4	1	1	1	1	4	4	1	4	1	4	4	4	4	1	1	4	1	4	4	1	1	1	1	1	1	2	1	1	4	1	1	4	1	4	1	4	1	1	1	4	1	1	1	1	1	1	4	1	1	4	1	4	1	4	1	4	1	1	1	4	1	1	4	1	1	1	4	4	4	4	4	1	1	4	4	4	1	1	1	1	4	1	4	1	1	0	1	0	1	4	4	2	4	4	1	1	1	1	1	1	1	1	1	4	1	0	1	1	1	1	4	1	1	1	1	1	1	1	4	4	4	5
gei-8	0	1	1	1	1	4	4	0	1	5	1	1	1	1	4	1	1	1	1	4	4	4	1	1	1	4	4	1	4	4	4	4	1	4	4	1	4	4	1	4	4	1	4	5	5	2	1	1	1	4	0	1	4	1	1	1	4	4	4	1	1	4	2	2	1	0	1	1	0	4	4	4	4	1	4	3	4	4	4	4	4	4	1	1	4	4	1	4	1	0	4	1	4	4	4	1	1	4	4	4	3	4	4	4	4	1	1	4	4	1	5	2	1	0	4	4	1	1	1	0	1	0	1	1	1	1	0	1	4	1	3	1	4	3	1	4	4	4	4	4	1	1	4	4	4	4	4	0	4	4	1	4	4	2	0	4	0	4	4	7	0	1	4	1	1	5	4	5	5	1	1	4	1	4	0	4	1	1	4	4	1	4	1	1	1	1	1	4	4	4	5
gfl-1	0	4	1	1	1	4	4	2	4	4	1	1	4	4	4	1	4	4	4	4	4	4	4	4	4	4	4	1	4	4	5	4	1	4	4	4	4	4	1	4	4	4	4	5	5	4	2	4	1	1	5	4	4	4	4	1	4	4	4	1	1	3	2	2	1	2	1	4	4	4	4	4	4	4	4	3	4	4	4	4	4	4	1	1	4	4	4	4	1	4	4	4	3	3	3	1	1	4	1	4	3	4	4	1	4	1	4	4	4	1	5	4	1	2	1	4	1	3	1	1	4	2	4	1	1	1	2	4	4	1	3	4	4	2	1	4	4	4	4	4	4	1	4	4	5	4	4	1	4	4	4	4	4	1	0	1	0	4	4	4	2	4	4	1	1	4	4	4	4	1	1	1	4	4	0	4	1	1	5	4	1	4	1	1	1	1	1	4	1	4	5
gla-3	0	5	5	5	3	3	4	4	5	5	3	3	5	5	4	5	5	5	5	3	5	5	4	5	5	4	3	5	3	3	5	5	5	5	3	5	5	5	5	3	3	5	5	5	5	4	3	5	5	5	4	5	5	5	5	5	5	5	5	5	4	3	3	3	2	3	5	5	5	5	5	5	5	5	5	4	5	3	3	5	3	5	2	5	3	5	3	4	5	5	4	5	3	4	3	3	2	5	2	3	3	3	3	2	3	5	5	3	3	4	5	5	3	4	2	5	3	3	5	2	5	3	5	4	5	5	4	5	3	5	3	3	3	3	5	3	5	3	3	3	5	5	3	3	5	3	5	4	5	5	5	5	5	2	0	5	0	5	3	3	3	5	5	4	4	5	2	5	5	4	4	5	5	5	0	5	5	5	5	5	5	5	5	3	4	5	2	3	5	5	5
hif-1	0	4	1	1	2	4	0	0	4	5	2	1	1	4	0	1	1	1	1	4	4	1	0	1	1	4	1	1	1	4	5	4	1	4	0	4	4	1	1	4	2	4	2	5	1	2	0	4	1	1	0	1	1	1	1	1	4	4	4	0	0	3	0	2	1	2	4	4	0	1	1	1	1	4	4	0	4	1	4	4	0	4	1	1	4	4	4	0	1	0	2	0	2	1	2	2	1	4	1	0	3	1	4	1	4	1	1	1	1	0	4	0	0	0	0	4	0	2	4	0	4	0	4	0	0	1	2	1	4	1	2	1	2	2	1	2	4	1	4	4	1	1	4	4	5	2	1	0	1	0	1	1	1	0	0	4	0	0	4	4	0	4	4	1	1	4	1	1	1	1	1	4	4	1	0	1	1	1	4	4	1	1	1	1	0	1	1	4	1	4	5
hlh-1	4	3	3	4	4	5	4	4	4	5	4	4	4	3	5	4	4	4	4	4	5	4	5	4	4	5	4	3	5	5	5	3	4	4	4	3	3	4	1	5	4	4	3	5	5	3	4	3	4	2	5	4	4	4	3	4	5	5	5	3	3	4	3	3	5	4	2	3	3	5	5	5	5	3	3	3	3	5	5	4	5	3	5	3	4	3	3	4	4	4	4	3	4	4	4	3	5	5	5	5	3	4	5	5	5	4	4	5	4	4	5	3	4	3	5	4	3	4	2	5	4	3	3	3	4	4	3	3	5	3	3	4	5	3	2	4	3	5	5	4	4	4	5	5	4	4	4	3	4	3	4	5	4	5	5	1	5	5	4	5	3	3	4	5	5	5	5	5	5	5	5	1	3	4	4	4	3	4	5	4	4	4	4	3	4	3	5	4	1	3	4
hlh-14	4	3	1	1	4	5	4	4	4	4	4	4	1	2	4	1	1	1	1	4	4	4	4	1	4	5	4	2	5	5	4	3	1	4	4	3	3	4	1	5	4	1	4	5	5	4	4	3	1	1	1	1	4	1	2	1	5	5	4	1	1	4	3	4	5	4	1	2	3	5	5	5	4	2	3	3	3	5	5	4	5	3	5	1	4	4	4	4	1	4	4	2	4	4	4	4	5	4	5	5	4	4	5	5	5	1	1	5	4	4	4	3	4	1	5	4	4	4	1	5	1	4	3	1	4	1	4	1	5	1	4	4	4	3	1	4	4	4	5	4	1	1	5	5	4	4	4	4	4	3	4	5	4	5	0	1	4	5	4	5	4	3	4	5	5	5	5	5	5	5	5	1	2	4	4	4	1	1	1	4	1	4	1	4	1	1	5	4	1	3	4
hlh-2	0	1	1	1	4	4	4	0	1	1	4	4	1	1	4	1	1	1	1	4	1	1	1	1	1	4	4	1	5	7	4	1	1	1	7	1	2	1	1	4	4	1	1	1	1	1	0	1	1	1	0	1	1	1	1	1	4	4	1	1	1	4	0	4	5	0	1	1	2	4	5	4	4	1	1	1	1	4	7	4	4	1	5	1	7	1	4	7	1	0	4	1	4	4	4	1	5	1	5	4	7	4	6	5	7	1	1	6	4	4	1	1	7	1	5	1	0	4	1	0	1	0	1	1	1	1	1	1	6	1	4	4	4	0	1	4	1	4	5	4	1	1	7	7	1	4	4	0	1	2	1	4	1	4	0	1	0	1	4	7	0	1	4	5	4	4	5	4	4	4	4	1	1	1	0	4	1	1	1	1	1	1	1	4	0	1	5	7	1	1	1
hlh-25	3	5	5	5	5	3	3	3	5	5	3	5	5	5	3	5	5	5	5	3	4	4	5	5	5	3	3	5	4	3	5	5	5	5	4	5	4	4	5	3	3	5	4	3	4	4	4	5	5	5	5	5	4	5	5	5	3	3	4	5	5	3	4	4	5	3	5	5	4	2	2	2	4	5	5	3	4	4	3	3	3	5	4	5	3	4	4	4	5	4	4	5	3	3	3	4	4	4	4	3	4	3	3	4	3	5	5	4	4	4	5	4	4	5	4	4	4	3	5	3	5	3	5	5	4	5	3	5	4	5	4	4	3	3	5	3	4	3	4	5	5	5	3	3	5	4	3	4	5	4	5	3	4	4	0	5	3	3	3	3	3	5	4	1	1	2	5	4	4	1	1	5	5	5	5	3	5	5	5	5	5	4	5	4	5	5	4	3	5	5	5
hlh-26	3	5	5	5	5	3	3	3	5	5	3	5	5	5	3	5	5	5	5	3	4	4	5	5	5	3	3	5	4	3	5	5	5	5	4	5	4	4	5	3	3	5	4	4	4	4	3	5	5	5	5	5	5	5	5	5	3	3	4	5	5	3	4	4	5	3	5	5	5	2	2	2	4	5	5	3	5	4	3	3	3	5	4	5	3	4	4	4	5	4	4	5	3	3	3	3	4	4	4	3	4	3	3	4	3	5	5	4	4	4	5	3	3	5	3	4	4	3	5	3	5	3	5	5	4	5	3	5	4	5	4	4	3	3	5	3	4	3	4	5	5	5	3	3	5	4	3	4	5	5	5	3	4	4	3	5	3	3	3	3	3	5	4	1	1	2	5	4	4	2	1	5	5	5	0	3	5	5	5	5	5	5	5	4	5	5	4	3	5	5	5
hlh-27	3	5	5	5	5	3	3	3	5	5	3	5	5	5	3	5	5	5	5	3	4	4	5	5	5	3	3	5	4	3	5	5	5	5	4	5	4	4	5	3	3	5	4	3	4	4	4	5	5	5	5	5	4	5	5	5	3	3	4	5	5	3	4	4	5	3	5	5	4	2	2	2	4	5	5	3	4	4	3	3	3	5	4	5	3	4	4	4	5	4	4	5	3	3	3	4	4	4	4	3	4	3	3	4	3	5	5	4	4	4	5	4	4	5	4	4	4	3	5	3	5	3	5	5	4	5	3	5	4	5	4	4	3	3	5	3	4	3	4	5	5	5	3	3	5	4	3	4	5	4	5	3	4	4	0	5	3	3	3	3	3	5	4	1	1	2	5	4	4	1	1	5	5	5	5	3	5	5	5	5	5	4	5	4	5	5	4	3	5	5	5
hlh-3	4	4	5	4	5	4	3	4	5	4	3	5	4	4	3	5	4	4	4	4	3	3	4	4	4	4	3	4	4	4	5	4	4	4	5	4	4	4	5	4	3	4	4	4	2	4	4	4	5	5	4	4	3	4	4	4	4	4	3	5	5	3	4	4	5	3	5	4	4	4	4	4	2	5	4	4	4	4	4	4	4	4	5	5	4	3	5	4	5	4	3	4	3	3	3	5	5	4	4	4	5	3	4	4	4	4	4	4	4	5	2	4	5	5	4	3	5	3	5	5	4	5	5	5	5	5	5	4	5	5	4	4	3	3	5	3	4	3	4	5	4	4	4	4	5	3	3	5	4	3	4	3	3	5	0	5	3	3	3	3	4	4	3	4	5	1	5	2	2	5	5	5	4	4	0	3	5	5	1	4	5	3	5	4	5	5	5	4	5	5	5
hlh-30	0	2	2	1	4	5	4	0	1	5	4	4	4	3	5	1	4	4	4	4	5	4	4	4	4	5	4	3	5	5	5	4	1	2	4	4	3	4	1	5	4	1	4	5	5	4	4	4	1	1	1	1	4	4	4	1	5	5	5	2	4	4	3	4	5	4	1	2	3	5	5	5	5	2	3	3	3	5	5	5	5	4	5	1	4	4	3	4	1	4	4	2	4	4	4	4	5	5	5	5	4	4	5	5	5	1	4	5	4	4	5	4	4	3	5	4	3	4	1	5	4	3	4	1	4	4	4	4	5	2	4	4	4	4	1	4	4	4	5	4	4	1	5	5	4	4	4	4	4	4	4	5	4	4	0	4	0	5	4	5	4	4	4	5	5	5	5	5	5	5	5	4	3	4	0	4	1	1	5	4	1	4	1	4	1	1	5	4	1	3	4
hmg-1.1	4	1	1	1	4	5	4	4	1	4	4	4	1	1	4	1	1	1	1	4	4	4	1	1	1	4	4	1	5	6	4	1	1	1	4	1	4	4	1	4	4	1	4	4	4	4	4	1	1	1	1	1	4	1	1	1	4	4	4	1	1	4	4	4	5	4	1	1	3	5	5	5	4	1	2	4	2	5	7	4	4	1	5	1	7	4	4	4	1	4	4	1	4	4	4	4	5	4	5	4	4	4	6	5	7	1	1	5	4	4	1	4	4	1	5	4	4	4	1	5	1	4	1	1	4	1	4	1	5	1	4	4	4	4	1	4	4	4	5	4	1	1	6	7	4	4	4	4	1	4	1	4	4	5	0	1	4	4	4	7	7	1	4	5	5	5	5	4	4	5	5	1	1	1	0	4	1	1	1	1	1	4	1	4	1	1	5	4	1	1	1
hmg-1.2	0	1	1	1	1	4	4	1	1	4	2	1	1	1	4	1	1	1	1	4	4	4	1	1	1	4	4	1	4	4	5	1	1	1	4	1	4	4	1	4	1	1	1	4	4	1	1	1	1	1	5	1	4	1	1	1	4	4	4	1	1	3	1	1	4	0	1	1	3	1	1	1	4	1	4	2	4	4	4	4	4	4	4	1	4	1	4	4	1	0	4	1	2	4	2	1	1	4	1	1	4	1	4	1	4	1	1	1	4	4	4	2	1	1	1	4	0	0	1	0	1	0	1	1	1	1	2	1	4	1	1	1	0	2	1	3	4	4	4	4	1	1	4	4	5	1	1	1	1	4	1	4	4	1	0	1	0	1	4	7	0	1	4	1	4	1	5	4	4	1	4	1	1	1	0	4	1	1	1	4	1	4	1	1	1	1	4	4	1	4	4
hmg-11	4	1	1	1	4	5	4	4	1	4	4	4	1	1	4	1	1	1	1	4	4	4	1	1	1	4	4	1	5	4	4	1	1	1	4	1	4	4	1	4	4	1	4	4	4	4	4	1	1	1	1	1	1	1	1	1	4	4	4	1	1	4	4	4	5	4	1	1	3	4	5	4	4	1	2	4	2	4	7	4	4	1	5	1	7	4	4	4	1	4	4	1	4	4	4	4	5	4	5	4	4	4	6	5	6	1	1	5	4	4	1	4	4	1	5	4	4	4	1	5	1	4	1	1	4	1	4	1	5	1	4	4	4	4	1	4	4	4	5	4	1	1	6	6	4	4	4	4	1	4	1	4	4	5	4	1	4	4	4	7	4	1	4	5	5	4	5	4	4	5	5	1	1	1	4	4	1	1	1	4	1	1	1	4	1	1	5	4	1	1	1
hmg-12	4	5	5	5	4	3	4	3	5	5	3	4	5	5	4	5	5	5	5	3	4	4	5	5	5	4	3	5	1	3	5	5	5	5	4	5	4	4	5	4	3	5	4	4	4	4	4	5	5	5	5	5	4	5	5	5	4	4	4	5	5	3	4	4	1	3	5	5	4	4	4	4	4	5	5	4	4	2	3	4	3	5	1	5	3	4	4	4	5	5	4	5	3	4	3	4	1	5	1	3	4	4	3	1	3	5	5	1	4	4	4	4	4	5	2	4	4	3	5	2	5	4	5	5	4	5	4	5	4	5	4	4	3	3	5	4	4	3	4	4	5	5	3	4	5	4	4	3	5	5	5	4	4	1	3	5	4	4	4	3	3	5	4	1	1	4	1	4	4	1	1	5	5	5	0	4	5	5	5	5	5	4	5	4	5	5	1	3	5	5	5
hmg-3	0	4	5	5	4	1	4	4	5	4	4	4	5	5	4	5	5	5	5	4	4	4	4	5	4	1	4	6	1	1	4	4	5	4	4	4	7	4	5	1	4	5	4	4	4	4	4	4	5	5	5	5	4	5	5	5	1	1	4	5	5	4	4	4	1	4	5	5	7	1	1	1	4	5	7	4	7	1	2	4	4	4	1	5	4	4	4	4	5	4	4	5	4	4	4	4	1	4	1	1	4	4	1	1	1	5	5	1	4	4	4	4	4	5	1	4	4	4	5	1	5	4	4	5	4	5	4	5	1	5	4	4	4	4	5	4	7	4	1	4	5	5	1	1	4	4	4	4	4	4	4	4	4	1	0	5	0	4	4	4	4	4	4	1	1	1	1	4	4	1	1	5	6	4	0	4	5	5	5	4	5	4	5	4	5	5	1	4	5	4	4
hmg-4	0	4	4	1	4	4	4	1	4	4	4	5	1	4	4	1	1	1	1	4	4	4	4	1	1	4	4	4	4	4	5	4	1	4	4	4	4	4	1	4	4	4	4	4	1	4	4	4	1	5	4	1	4	1	4	1	4	4	4	4	4	4	4	4	5	4	4	4	4	1	1	1	4	5	4	4	4	4	4	2	4	4	1	4	4	4	4	4	1	0	4	1	4	4	4	4	4	1	4	4	4	4	4	4	4	1	1	4	4	1	4	4	4	4	4	4	4	4	4	0	4	4	4	4	4	1	4	4	4	1	4	4	4	4	4	4	4	4	4	4	1	1	4	4	4	1	1	4	4	4	4	4	4	4	0	4	0	1	4	4	4	4	4	1	1	4	5	4	4	1	1	4	4	4	0	4	4	1	1	4	1	4	1	4	4	4	4	4	5	4	4
hmg-5	0	5	5	5	4	1	4	4	5	4	4	4	5	5	4	5	5	5	5	4	4	4	4	5	5	1	4	5	1	4	5	4	5	5	4	4	4	5	5	1	4	5	4	4	5	4	4	4	5	5	5	5	5	5	4	5	4	4	4	5	4	4	4	4	1	0	5	5	4	1	1	1	4	5	4	4	4	1	4	4	2	4	1	5	4	4	4	4	5	4	4	5	4	4	4	4	1	5	1	1	4	4	4	1	4	5	5	1	4	4	5	4	4	4	1	4	1	4	5	1	5	0	4	5	4	5	4	5	4	5	4	4	4	4	5	4	4	4	4	4	5	5	4	4	5	4	4	4	4	4	5	4	4	1	0	4	0	1	4	4	4	4	4	1	1	1	1	4	4	1	1	4	5	4	0	4	5	5	5	4	5	4	5	4	5	5	1	4	5	4	4
hnd-1	4	2	1	1	4	5	4	4	1	4	4	4	1	2	4	1	1	1	1	4	4	4	1	1	1	4	4	1	5	5	4	2	1	1	5	2	3	4	1	4	4	1	4	4	4	4	4	2	1	1	4	1	4	1	1	1	4	4	4	1	1	4	4	4	5	4	1	1	3	5	5	5	4	4	3	4	3	5	4	4	4	2	5	1	4	4	4	4	1	4	4	1	4	4	4	4	5	4	5	4	4	4	5	5	5	1	1	5	4	4	4	3	4	1	5	4	4	4	1	5	2	4	1	1	4	1	4	1	5	1	4	4	4	4	1	4	4	4	5	4	1	1	5	5	4	4	4	4	1	3	1	4	4	5	4	1	4	4	4	4	4	2	4	5	5	5	5	4	4	5	5	1	2	1	4	4	1	1	1	4	1	4	1	4	1	1	5	4	1	4	1
hsf-1	3	5	5	5	3	3	3	4	5	5	3	3	5	5	4	5	5	5	5	3	5	5	5	5	4	3	3	5	3	3	5	5	5	5	3	5	5	5	5	3	3	5	3	5	5	3	3	5	5	5	4	5	5	5	5	5	4	4	5	5	4	3	3	3	2	3	5	5	5	4	4	4	5	5	5	4	5	3	3	3	3	5	2	5	3	4	3	5	5	5	4	5	3	3	3	3	2	5	2	3	3	3	3	2	3	5	5	3	3	3	5	4	3	4	2	5	3	3	5	2	5	3	5	5	4	5	3	5	3	5	3	3	3	3	5	4	5	3	3	4	5	5	3	3	5	3	4	3	5	5	5	4	5	2	0	5	3	3	3	3	3	5	5	1	1	5	3	5	5	1	1	5	5	5	0	4	5	5	5	5	5	5	5	3	5	5	2	3	5	5	5
irx-1	3	3	2	4	3	5	4	3	4	5	3	4	4	3	5	1	4	4	4	4	5	3	4	4	4	5	4	3	5	5	5	3	2	4	5	3	3	4	1	5	4	3	3	5	5	3	3	3	1	2	5	4	4	3	3	1	5	5	5	2	2	3	3	3	5	3	1	3	3	5	5	5	5	3	3	3	3	5	5	4	5	3	5	2	4	3	3	4	1	3	3	3	3	4	3	3	5	4	5	5	3	4	5	5	5	1	4	5	4	4	5	3	4	2	5	4	3	3	4	5	3	3	3	2	4	1	3	3	5	2	3	4	3	3	2	3	3	5	5	4	4	1	5	5	5	4	4	3	4	3	4	5	3	5	0	1	3	5	4	5	3	3	4	5	5	5	5	5	5	5	5	1	3	4	0	4	2	1	5	4	1	3	1	4	1	2	5	4	1	3	5
lag-1	0	4	4	4	4	1	4	4	4	4	1	4	4	4	4	4	4	4	4	1	4	4	5	4	4	4	4	4	1	4	4	4	1	4	2	4	4	4	4	4	4	4	4	5	5	4	1	4	4	5	5	4	4	4	4	4	4	4	5	1	4	4	4	4	1	4	4	4	7	1	1	1	4	4	7	4	7	1	4	4	4	4	1	4	2	4	4	1	4	4	4	4	4	4	4	4	1	4	1	4	3	4	1	1	4	4	4	1	1	1	5	4	3	4	1	4	4	4	4	1	4	4	4	4	4	4	4	4	1	4	4	4	4	4	4	4	4	4	1	4	4	4	1	1	4	4	4	4	4	4	4	4	4	1	0	5	4	4	4	4	3	4	4	1	1	4	1	4	4	1	1	5	4	5	0	4	4	4	5	4	4	4	1	4	1	4	1	4	5	4	5
let-418	4	4	1	1	4	4	1	1	4	4	4	4	1	1	4	1	1	1	1	4	4	1	1	1	1	4	4	4	4	4	5	1	1	4	4	1	4	1	1	4	4	1	2	4	1	1	4	4	1	1	4	1	1	1	1	1	4	4	1	1	1	3	4	4	5	4	1	4	3	4	4	4	1	4	4	3	4	4	4	4	4	4	4	1	4	2	4	4	1	1	1	1	4	1	4	1	4	4	4	4	4	4	4	4	4	1	1	4	4	4	1	2	4	1	4	4	4	4	1	4	1	1	4	1	4	1	1	1	4	1	4	4	4	4	1	4	3	4	4	4	1	1	4	4	4	4	1	1	1	4	1	4	1	4	0	1	0	1	4	4	4	4	4	4	1	1	5	1	1	1	1	1	1	1	0	1	1	1	1	4	1	1	1	4	1	1	4	4	1	4	4
lin-26	0	4	1	5	2	4	4	4	4	5	4	1	4	4	5	4	4	4	4	4	5	5	5	4	4	4	4	4	4	4	5	4	4	4	4	4	4	5	1	4	4	4	4	5	5	4	4	4	4	1	5	4	5	4	4	4	4	4	5	4	3	4	3	4	1	4	1	4	4	4	4	4	5	1	4	4	4	4	4	4	4	4	1	1	4	4	2	4	4	4	4	5	4	4	4	1	1	5	4	4	3	4	4	4	4	4	4	4	4	4	5	4	4	2	4	5	2	4	1	1	4	2	4	4	4	5	4	4	4	1	4	4	4	3	1	4	4	4	4	4	5	4	4	4	4	4	4	1	5	4	4	4	4	1	0	1	4	4	4	4	3	4	5	4	1	5	1	5	5	4	1	1	4	4	0	4	1	4	5	4	4	4	4	4	4	4	1	4	1	4	5
lin-28	0	4	1	1	1	4	4	0	4	4	4	1	4	4	4	4	4	4	4	4	4	4	5	4	4	4	4	4	4	4	1	4	1	4	4	4	4	4	1	4	4	4	4	4	5	4	4	4	4	4	5	4	4	4	4	4	4	4	4	1	4	4	4	4	4	0	4	4	7	4	4	4	4	4	4	4	4	4	4	4	4	4	5	4	3	4	4	2	4	0	4	0	4	4	4	4	4	4	4	4	4	4	4	4	4	1	4	4	4	4	5	4	4	4	4	4	4	4	4	0	4	0	4	4	1	1	4	4	4	4	4	4	4	4	1	4	4	4	4	4	4	4	4	4	4	4	4	5	4	4	4	4	4	1	0	4	0	4	4	4	3	4	4	4	5	4	1	4	4	4	5	4	4	5	0	4	1	4	5	4	4	4	1	4	1	4	5	2	4	4	5
lin-32	3	3	3	3	4	5	3	3	4	5	3	5	3	3	4	2	3	3	3	4	5	3	4	3	3	5	4	3	5	5	5	3	2	4	5	3	3	4	1	5	4	3	3	5	5	3	3	3	2	4	5	3	4	3	3	2	5	5	5	2	3	3	3	3	5	3	4	3	3	5	5	5	5	3	3	3	3	5	5	3	5	3	5	3	4	3	4	4	2	3	3	3	3	3	3	3	5	3	5	5	3	3	5	5	5	2	4	5	5	4	5	3	5	3	5	4	4	3	4	5	3	3	3	3	4	1	3	3	5	2	3	4	3	3	3	3	3	5	5	5	4	2	5	5	5	4	4	5	4	3	4	5	3	5	4	1	3	5	4	5	3	3	4	5	5	5	5	5	5	5	5	1	3	5	5	4	3	2	5	3	2	3	2	4	1	3	5	4	4	3	5
lin-35	0	1	1	1	0	0	0	0	1	4	0	5	1	4	0	1	1	1	1	0	4	1	0	1	0	4	4	4	5	5	5	4	0	1	4	1	3	1	1	4	4	1	3	4	1	4	0	4	1	4	0	1	1	1	4	1	4	4	1	1	0	3	0	4	5	0	4	4	0	4	4	4	4	4	4	0	4	5	4	0	4	4	5	1	4	3	4	0	1	2	0	0	4	3	4	0	5	0	5	4	4	4	5	5	4	1	1	5	5	0	0	0	0	0	0	1	0	0	4	0	1	0	4	0	0	1	0	1	5	1	4	5	0	0	1	4	3	4	5	5	1	1	4	4	4	0	4	0	1	2	1	4	4	0	0	4	0	0	3	4	0	4	4	5	5	4	5	4	4	5	5	4	4	1	0	4	1	1	4	4	1	0	1	5	1	4	5	3	4	4	5
lin-40	0	4	1	1	4	4	2	2	4	4	3	5	1	4	4	1	1	1	1	4	4	4	4	1	2	4	4	4	4	4	5	4	1	4	4	4	4	1	1	4	3	4	1	4	1	1	4	4	1	4	4	1	1	1	4	1	4	4	4	1	4	3	4	4	4	2	4	4	4	4	4	4	1	4	4	4	4	4	4	4	4	4	4	1	4	3	4	4	1	0	2	1	3	2	4	4	5	4	4	4	4	4	4	4	4	1	4	4	4	4	1	4	4	2	4	4	4	4	4	4	4	4	4	1	4	1	4	1	5	1	4	4	3	3	4	3	3	4	4	5	1	1	4	4	5	2	4	4	1	4	4	4	4	5	0	4	0	2	4	4	4	4	4	1	4	1	5	1	1	4	4	4	4	1	0	4	4	1	1	4	1	2	1	4	1	4	5	4	4	4	4
lin-49	0	2	2	2	4	5	3	0	1	4	3	5	2	2	0	1	2	2	2	3	4	3	2	2	2	5	3	3	5	5	5	2	1	2	5	2	3	2	1	5	3	2	3	4	1	2	0	2	1	4	0	2	2	2	2	2	5	5	4	2	1	3	3	4	5	0	1	2	3	5	5	5	4	2	3	3	3	5	5	3	5	3	5	1	4	3	5	0	1	0	3	2	3	3	3	4	5	3	5	5	4	3	5	5	5	1	2	5	5	0	2	2	5	0	5	3	5	3	1	0	2	0	1	2	4	2	3	2	5	1	3	4	3	3	1	3	3	4	5	5	2	2	5	5	5	3	4	0	2	3	2	4	3	4	0	4	0	2	3	4	3	2	3	5	4	5	5	4	4	5	4	4	2	1	0	3	1	1	1	3	1	3	1	5	2	2	5	4	4	3	4
lin-54	1	4	1	1	1	4	1	1	4	4	2	1	1	4	4	1	1	1	1	4	4	1	4	1	1	4	1	1	1	4	5	4	1	4	4	4	4	1	1	4	1	4	1	4	1	1	1	4	1	1	1	1	1	1	4	1	4	4	4	1	1	3	4	1	1	2	4	4	4	1	1	1	1	4	4	2	4	1	4	4	4	4	1	1	4	4	4	4	1	4	1	1	2	1	1	1	1	4	1	4	4	1	4	1	4	1	4	1	1	4	1	4	1	1	1	4	1	1	4	1	4	1	4	1	1	1	1	1	4	1	1	1	2	2	1	1	4	1	4	4	1	1	4	4	5	1	1	1	1	4	4	1	1	1	0	1	2	1	4	4	3	4	4	1	1	1	1	1	1	1	1	1	4	1	0	1	4	1	1	4	1	1	1	1	1	1	1	4	1	4	4
lin-61	0	4	4	1	4	4	2	2	4	4	2	5	1	4	1	1	1	1	1	4	4	1	1	1	1	4	1	4	4	4	5	4	1	4	4	4	4	1	1	4	1	4	4	4	1	4	1	4	1	5	4	1	1	1	4	1	4	4	4	1	4	3	4	1	4	3	4	4	4	1	1	1	1	4	4	4	4	4	4	4	4	4	1	4	4	3	4	4	1	1	2	1	3	2	3	4	4	4	4	4	4	3	4	4	4	1	1	4	4	1	1	4	4	4	4	4	4	2	4	0	4	1	4	4	4	1	4	4	4	1	4	4	3	3	4	3	4	4	4	5	1	1	4	4	5	1	1	4	1	4	1	1	1	1	0	1	2	1	1	4	4	4	4	1	1	1	5	1	1	1	1	1	4	1	0	1	4	1	1	4	1	3	1	4	1	4	1	4	4	4	5
lir-1	0	4	1	1	1	1	4	2	4	5	2	1	1	4	4	1	1	1	1	1	4	4	4	1	1	4	1	4	1	4	5	4	1	4	4	4	4	1	1	4	2	4	4	4	1	4	1	4	1	4	5	1	1	1	4	1	4	4	4	1	1	2	4	1	1	2	4	4	4	1	1	1	1	4	4	2	4	1	4	4	4	4	1	1	4	4	4	4	1	4	4	1	3	1	2	1	1	4	1	4	4	1	4	1	4	1	4	1	4	1	4	4	1	1	1	4	1	2	4	1	4	2	4	1	4	1	2	1	4	1	1	4	3	2	1	3	4	1	4	4	1	1	4	4	5	1	1	1	4	4	4	4	4	1	0	1	0	4	4	4	2	4	4	1	1	1	1	1	1	1	1	1	4	5	0	4	4	1	4	4	1	4	1	1	1	1	1	4	1	4	5
lpd-2	0	4	1	4	1	4	4	0	4	5	4	1	4	4	5	1	4	4	4	4	5	4	5	4	4	4	4	1	4	4	5	4	1	4	4	4	4	4	1	4	4	4	3	5	5	3	2	4	1	1	5	1	4	1	4	4	4	4	5	1	2	3	3	3	1	2	1	4	3	4	1	4	5	4	4	3	4	4	4	4	4	4	1	1	4	3	3	4	1	0	4	4	3	4	3	2	1	5	4	4	3	4	4	4	4	1	4	4	4	4	5	3	1	2	4	4	2	2	1	1	4	2	4	2	1	1	2	4	4	1	3	4	4	3	1	4	4	4	4	4	4	1	4	4	5	1	4	2	4	4	4	4	4	1	0	1	1	4	4	4	3	4	4	1	1	5	4	5	5	1	1	1	4	4	0	4	1	1	5	4	1	4	1	1	1	1	1	4	1	4	5
lsl-1	3	5	5	5	3	3	4	4	5	5	3	3	5	5	3	5	5	5	5	3	5	5	5	5	5	3	3	5	3	3	5	5	5	5	3	5	5	5	5	3	3	5	4	5	5	3	3	5	5	5	4	5	5	5	5	5	4	4	5	5	4	3	3	3	2	3	5	5	5	4	4	4	5	5	5	3	5	3	3	4	3	5	2	5	3	4	3	4	5	5	5	5	3	4	3	3	2	5	2	3	3	3	3	2	3	5	5	2	3	4	5	4	3	4	2	5	3	3	5	2	5	3	5	5	5	5	3	5	3	5	3	3	3	3	5	4	5	3	3	4	5	5	3	3	5	3	4	3	5	5	5	4	5	2	0	5	3	4	4	3	3	5	5	1	1	5	2	5	5	1	1	5	5	5	0	4	5	5	5	5	5	5	5	3	5	5	2	3	5	5	5
lst-3	0	4	4	4	5	4	4	0	4	4	4	5	1	4	4	4	4	4	4	4	4	4	1	4	4	4	4	4	5	4	4	4	4	4	5	4	4	1	4	4	4	4	4	4	1	4	5	4	4	5	4	4	1	1	4	4	4	4	4	5	4	4	4	4	5	4	5	4	3	4	4	4	4	5	4	4	4	5	4	3	5	4	5	4	4	4	5	4	1	0	4	1	4	4	4	5	5	2	5	4	4	4	5	5	4	1	4	5	5	4	1	4	5	4	5	4	5	4	4	5	4	5	4	4	5	1	5	4	4	4	4	4	4	4	5	4	4	4	5	4	1	4	4	4	4	4	4	5	4	4	4	4	4	5	0	4	0	4	4	4	4	4	4	5	5	4	5	4	4	5	5	4	4	4	0	4	4	4	1	4	4	4	4	5	5	4	5	4	5	4	4
mbf-1	3	5	5	5	3	3	4	3	5	5	3	3	5	5	3	5	5	5	5	3	4	5	5	5	5	3	3	5	3	3	5	5	5	5	3	5	5	5	5	4	3	5	4	5	5	4	3	5	5	5	4	5	5	5	5	5	4	4	5	5	5	3	4	3	2	3	5	5	5	4	4	4	4	5	5	3	5	3	3	4	3	5	2	5	3	4	4	4	5	5	4	5	3	4	3	4	2	5	2	3	3	3	3	2	3	5	5	2	3	4	5	4	3	4	2	4	3	3	5	2	5	3	5	5	4	5	3	5	3	5	3	3	3	3	5	4	5	3	3	4	5	5	3	3	5	3	4	3	5	5	5	4	5	2	3	5	3	4	4	3	3	5	4	1	1	4	2	4	4	1	1	5	5	5	0	4	5	5	5	5	5	5	5	3	5	5	2	3	5	5	5
mes-2	0	5	5	5	4	2	4	0	5	4	4	4	5	5	3	5	5	5	5	3	4	4	4	5	5	2	3	5	1	4	5	4	5	5	4	4	4	4	5	1	4	5	4	4	4	4	4	4	5	5	5	5	5	5	5	5	4	4	4	5	5	3	4	4	1	0	5	5	4	1	1	1	4	5	4	3	4	1	3	4	3	4	1	5	4	4	4	4	5	4	4	5	4	4	4	4	1	4	1	2	4	4	4	1	4	5	5	1	4	4	5	4	4	5	1	4	1	4	5	2	5	4	4	5	4	5	4	5	1	5	4	4	4	4	5	4	4	4	4	4	5	5	1	4	4	4	4	4	4	4	5	4	4	1	0	4	0	4	4	3	3	5	4	1	1	1	1	4	4	1	1	4	5	4	0	4	5	5	5	4	5	4	5	4	5	5	1	3	5	4	4
mes-4	4	4	1	4	1	4	4	1	4	4	1	1	4	4	4	1	4	4	4	4	4	4	4	4	4	4	4	4	4	4	4	4	1	4	1	4	4	4	1	4	4	4	4	4	5	4	1	4	1	1	5	4	4	4	4	4	4	4	4	1	1	4	1	1	1	1	1	4	7	4	4	4	5	4	4	4	4	4	4	4	4	4	1	1	1	4	1	4	1	4	4	4	4	4	4	1	1	4	1	4	2	4	1	1	4	4	4	1	1	1	5	4	1	1	1	4	1	4	1	1	4	1	4	1	1	1	1	4	1	1	4	4	4	4	1	4	4	4	1	4	4	4	4	4	4	4	4	1	4	4	4	4	4	1	0	1	4	4	4	4	3	4	4	1	1	5	1	5	5	1	1	1	4	4	0	4	1	1	5	4	1	4	1	1	1	1	1	4	1	4	4
mes-6	0	4	4	1	4	4	1	0	4	4	2	4	1	4	4	1	1	1	1	3	4	4	1	1	1	4	2	4	4	4	5	4	1	4	4	4	4	1	1	4	2	4	4	4	1	1	2	4	1	5	4	1	1	1	4	1	4	4	4	1	4	3	4	4	1	3	4	4	4	1	1	1	1	4	4	3	4	4	4	4	4	4	1	4	4	4	4	4	1	4	4	1	3	1	3	4	1	4	1	4	4	2	4	1	4	1	1	1	4	4	1	4	4	3	1	4	4	2	4	1	4	4	4	4	4	1	4	4	4	1	3	4	2	3	4	3	4	4	4	4	1	1	4	4	5	2	1	4	1	4	1	4	4	1	0	4	2	1	4	4	3	4	4	1	1	1	4	1	1	1	1	4	4	4	0	1	4	1	1	4	1	4	1	4	1	4	1	4	5	4	5
mex-1	0	5	5	5	4	2	4	4	5	5	4	4	5	5	4	5	5	5	5	4	4	5	5	5	5	4	4	5	1	2	4	5	5	5	2	5	5	5	5	4	4	5	4	5	5	4	4	5	5	5	5	5	5	5	5	5	4	4	5	5	5	4	4	4	1	4	5	5	6	1	1	1	4	5	6	4	6	1	3	4	4	5	1	5	3	4	4	4	5	5	4	5	4	4	4	4	1	5	1	4	3	4	2	1	3	5	5	2	3	4	5	4	3	5	1	4	4	4	5	1	5	4	5	5	4	5	4	5	2	5	4	4	4	4	5	4	5	4	2	4	5	5	2	3	4	4	4	4	5	5	5	4	5	1	0	5	4	4	4	3	3	5	4	1	1	1	1	4	4	1	1	5	5	5	0	4	5	5	5	5	5	5	5	4	5	5	1	3	5	5	5
mex-5	4	5	5	5	3	3	4	4	5	5	3	3	5	5	3	5	5	5	5	3	5	5	5	5	5	3	3	5	3	3	5	5	5	5	3	5	5	5	5	4	3	5	4	5	5	4	3	5	5	5	4	5	5	5	5	5	4	4	5	5	5	3	4	3	2	3	5	5	5	4	4	4	4	5	5	3	5	3	3	4	3	5	2	5	3	4	4	4	5	5	4	5	3	4	3	4	2	5	2	3	3	3	3	2	3	5	5	3	3	4	5	4	3	4	2	5	3	3	5	2	5	3	5	5	5	5	3	5	3	5	3	3	3	3	5	3	5	3	3	4	5	5	3	3	5	3	4	3	5	5	5	4	5	2	3	5	3	4	4	3	3	5	4	1	1	4	3	4	4	1	1	5	5	5	3	4	5	5	5	5	5	5	5	3	5	5	2	3	5	5	5
mex-6	4	5	5	5	4	1	4	4	5	4	4	4	5	5	4	5	5	5	5	4	4	4	5	5	5	4	4	5	1	1	4	5	5	5	4	5	4	4	5	4	4	5	4	4	4	4	4	5	5	5	5	5	4	5	5	5	4	4	4	5	5	4	4	4	1	4	5	5	7	1	1	1	4	5	7	4	6	1	3	4	4	5	1	5	4	4	4	4	5	4	4	5	4	4	4	4	1	4	1	4	4	4	1	1	2	5	5	1	4	4	4	4	4	5	1	4	4	4	5	1	5	4	5	5	4	5	4	5	1	5	4	4	4	4	5	4	4	4	1	4	5	5	1	2	4	4	4	4	5	4	5	4	4	1	4	5	4	4	4	3	4	5	4	1	1	1	1	4	4	1	1	5	5	5	4	4	5	5	5	4	5	4	5	4	5	5	1	4	5	5	5
mls-2	3	3	3	3	4	5	3	3	4	4	3	5	3	3	4	2	3	3	3	4	4	3	4	3	3	5	4	3	5	5	5	3	2	3	5	3	3	4	1	5	4	3	3	5	5	3	3	3	1	5	5	3	3	3	3	2	5	5	4	2	4	3	3	3	5	3	4	3	3	5	5	5	4	3	3	3	3	5	5	3	5	3	5	3	4	3	4	3	2	3	3	3	3	3	3	3	5	3	5	5	4	3	5	5	5	2	4	5	5	4	4	3	5	3	5	4	4	3	4	5	3	4	3	3	4	1	3	3	5	1	3	4	3	3	4	3	3	4	5	5	4	2	5	5	5	4	4	5	4	3	4	5	3	5	0	1	3	5	4	5	3	3	4	5	5	5	5	5	5	5	5	1	3	4	0	4	4	2	4	3	1	3	2	5	1	3	5	4	4	3	5
mml-1	3	3	3	2	4	5	4	4	4	4	4	5	1	3	4	4	4	4	4	4	4	4	2	4	4	5	4	4	5	5	4	3	4	2	5	3	3	4	4	4	4	3	3	4	4	3	4	3	4	5	4	4	4	2	4	4	4	4	4	1	4	3	3	4	5	3	4	3	3	5	5	5	4	4	3	3	3	5	5	3	5	3	5	4	4	3	4	4	4	3	4	2	4	3	4	4	5	4	5	5	4	3	5	5	5	4	2	5	5	4	1	3	5	3	5	4	5	4	4	5	3	4	4	4	4	1	4	4	5	4	3	4	4	3	4	4	3	4	5	4	1	4	5	5	5	4	4	5	2	3	2	4	3	5	0	5	3	4	3	4	3	3	4	5	5	5	5	4	4	5	5	5	3	4	0	4	4	4	1	3	4	4	1	5	2	4	5	4	5	3	5
mxl-1	0	5	5	5	3	3	4	3	5	5	3	1	5	5	4	5	5	5	5	3	4	4	5	5	5	4	3	5	2	3	5	5	5	5	3	5	5	5	5	4	3	5	4	5	4	4	3	5	5	4	5	5	5	5	5	5	4	4	4	5	5	3	4	4	1	3	5	5	6	4	4	4	4	5	5	3	5	3	3	4	3	5	1	5	3	4	4	4	5	5	4	5	3	4	3	4	2	5	2	3	3	3	2	1	3	5	5	2	2	4	5	4	2	4	2	4	4	3	5	2	5	3	5	5	4	5	4	5	3	5	4	3	3	3	5	4	5	3	2	4	5	5	3	3	5	4	4	3	5	5	5	4	4	1	0	5	3	4	4	3	3	5	4	1	1	4	1	4	4	1	1	5	5	5	0	4	5	5	5	5	5	5	5	3	5	5	1	3	5	5	5
mxl-2	0	5	4	5	3	4	4	4	5	5	4	2	5	4	4	5	5	5	5	4	4	5	5	5	5	4	4	4	1	4	5	4	5	5	3	5	4	5	5	4	4	5	4	5	5	4	3	4	5	1	5	5	5	5	4	5	4	4	5	5	4	4	4	4	1	3	4	4	4	4	4	4	4	4	4	4	4	4	4	4	4	4	1	4	3	4	4	4	5	5	4	5	3	4	4	4	1	5	1	4	3	4	1	1	4	5	5	2	2	4	5	4	2	3	2	4	2	3	4	1	5	2	4	4	4	5	4	4	1	5	4	4	3	4	4	4	4	4	1	4	5	5	4	4	5	4	4	1	5	5	5	4	4	1	0	4	4	4	4	4	3	4	4	1	1	4	1	4	4	1	1	4	4	4	0	4	4	5	5	5	5	4	5	2	5	4	1	4	1	4	5
nfi-1	0	4	4	1	3	4	4	0	4	5	4	5	4	4	4	4	4	4	4	2	4	4	5	4	4	4	3	4	4	4	4	4	1	4	3	4	4	4	4	4	4	4	4	5	5	4	3	4	4	5	0	4	4	4	4	4	4	4	5	1	3	3	3	3	4	0	4	4	4	4	4	4	5	4	4	4	4	4	4	3	4	4	1	4	3	4	4	4	4	0	4	0	4	3	3	4	4	4	4	4	3	4	4	4	4	4	4	4	4	2	5	0	3	4	4	4	4	4	4	0	4	0	4	4	3	1	4	4	4	4	4	4	0	0	4	4	4	4	4	4	4	4	4	4	4	4	4	4	4	4	4	4	4	4	0	5	0	4	3	4	0	4	4	1	1	5	5	5	5	1	1	5	4	5	0	4	4	4	4	4	4	4	1	4	1	4	1	3	5	4	5
ngn-1	0	4	4	4	5	5	3	4	5	3	4	5	2	4	3	5	3	4	3	5	3	3	4	4	3	4	3	4	5	4	5	3	5	3	5	3	3	2	5	4	3	4	3	3	2	3	5	4	5	5	3	3	2	1	4	4	4	4	3	4	5	3	5	5	5	4	5	4	3	5	5	5	2	5	3	4	3	4	4	4	5	4	5	5	5	3	5	5	5	0	3	2	3	3	4	5	5	3	5	5	5	3	5	5	4	4	3	5	5	5	2	3	5	4	5	3	5	3	5	5	4	5	5	5	5	4	5	3	5	5	4	4	3	3	5	3	3	3	5	5	1	4	5	5	5	3	3	5	4	3	3	3	3	5	0	5	3	3	3	3	4	4	3	5	5	1	5	2	2	5	5	5	3	3	0	3	5	5	2	3	5	3	4	5	4	5	5	4	5	5	5
nhr-10	0	1	1	1	4	4	4	1	1	4	4	4	1	1	4	1	1	1	1	4	4	4	1	1	1	4	4	1	4	4	4	1	1	2	4	1	3	4	1	4	4	1	2	4	4	2	1	1	1	1	4	1	1	1	1	1	4	4	4	1	1	3	2	4	5	0	1	1	3	4	1	4	4	4	4	2	4	4	4	4	4	1	4	1	4	2	4	4	1	0	4	2	4	4	4	1	4	4	4	4	4	4	4	4	4	1	1	4	4	0	1	2	4	1	4	4	4	4	1	0	2	0	1	1	1	1	1	1	4	1	3	4	4	3	1	4	3	4	4	4	1	1	4	4	4	4	4	1	1	2	1	4	4	4	0	4	0	1	4	4	4	1	4	1	1	5	5	4	4	1	1	4	1	1	0	4	1	1	1	4	1	4	1	4	0	1	5	4	1	4	4
nhr-12	0	5	4	5	3	4	4	0	4	5	3	2	5	4	4	5	5	5	5	4	4	5	5	5	5	4	4	4	1	4	5	4	5	5	2	4	4	5	5	4	4	4	4	5	5	4	2	4	5	1	5	5	5	5	4	5	4	4	5	5	3	3	3	3	1	0	4	4	7	4	1	4	5	4	4	3	4	4	4	4	4	4	1	4	1	4	4	4	5	0	4	5	3	4	3	3	1	5	1	4	3	4	1	1	4	5	5	2	2	1	5	4	2	3	2	4	2	3	4	2	4	2	4	4	4	5	3	4	1	5	3	4	3	3	4	4	4	4	1	4	5	5	4	4	5	4	4	2	5	5	5	4	4	1	0	5	0	4	4	4	3	4	5	1	1	5	1	5	5	1	1	5	4	4	0	4	4	5	5	5	5	4	5	2	5	4	1	4	4	4	5
nhr-122	0	3	2	1	2	5	4	2	4	5	2	1	1	3	5	1	1	1	1	4	5	4	4	1	1	5	4	2	4	5	5	3	1	4	4	3	3	4	1	5	4	4	3	5	4	2	2	3	1	2	4	1	1	1	3	1	5	5	5	2	2	3	0	2	4	0	1	3	3	5	5	5	5	1	3	3	3	5	5	4	4	3	4	2	4	3	2	4	1	0	2	0	3	4	3	2	4	4	4	5	3	1	5	4	5	1	1	4	1	4	4	3	1	2	4	4	2	2	4	0	3	2	3	2	4	1	2	2	5	2	2	1	1	2	2	3	3	5	5	4	1	1	5	5	5	1	4	2	4	4	4	5	4	1	0	1	0	4	4	5	0	3	4	4	4	5	4	5	5	4	4	1	3	4	0	4	2	1	4	4	1	2	1	1	1	2	4	4	1	3	5
nhr-13	0	5	5	5	3	3	4	0	5	5	3	2	5	5	3	5	5	5	5	3	4	5	5	5	5	3	3	5	2	3	5	5	5	5	3	5	5	5	5	4	3	5	4	5	5	4	3	5	5	4	4	5	5	5	5	5	4	4	5	5	5	3	4	3	2	0	5	5	5	4	1	4	4	5	5	3	5	2	3	4	3	5	2	5	3	4	4	4	5	0	4	5	3	4	3	4	2	5	2	3	3	3	3	2	3	5	5	2	2	4	5	4	2	4	2	4	2	3	5	2	5	2	5	5	4	5	3	5	3	5	3	2	3	2	5	4	5	3	3	4	5	5	3	3	5	3	4	2	5	5	5	4	5	2	0	5	0	4	4	3	3	5	4	1	1	4	2	4	4	1	1	5	5	5	0	4	5	5	5	5	5	5	5	2	4	5	2	3	5	5	5
nhr-2	4	4	4	1	4	4	4	4	4	4	4	5	1	4	2	4	4	4	4	4	1	1	4	4	4	4	4	4	4	4	5	4	1	4	4	4	4	1	4	4	4	4	4	1	1	4	4	4	4	5	4	4	1	1	4	4	4	4	1	1	4	4	4	4	5	4	4	4	3	4	4	4	1	4	4	4	4	4	4	4	4	4	5	4	4	4	5	4	4	3	4	1	4	4	4	4	5	4	4	4	4	4	4	5	4	4	4	4	4	4	1	4	4	4	4	2	5	4	4	4	4	4	4	4	4	1	4	4	5	4	4	4	4	4	4	4	4	4	4	4	1	4	4	4	4	4	4	5	1	4	4	4	4	4	0	5	4	4	4	4	4	4	4	4	5	1	5	1	1	4	5	5	4	4	4	4	4	4	1	4	4	4	1	4	1	4	5	4	5	4	4
nhr-20	0	5	1	5	2	4	4	0	5	5	2	2	5	4	5	4	5	5	5	4	5	5	5	5	5	4	4	4	4	4	5	4	4	5	4	4	4	5	4	4	4	5	4	5	5	3	2	4	4	1	4	4	5	4	4	4	4	4	5	4	2	3	3	3	1	0	1	4	0	4	4	4	5	1	4	0	4	4	4	4	3	4	1	1	4	4	2	4	4	0	4	5	3	4	3	2	1	5	1	3	3	4	4	1	4	4	5	4	2	4	5	4	2	2	2	5	2	3	1	2	4	2	4	1	4	4	2	4	4	4	2	1	3	2	1	4	4	4	4	4	5	4	4	4	5	4	4	2	5	5	5	4	4	1	0	4	0	4	4	4	3	4	5	1	1	5	1	5	5	1	1	4	4	5	0	4	1	4	5	5	4	4	4	2	4	1	1	4	1	4	5
nhr-243	0	4	1	1	1	4	4	0	4	4	2	1	1	4	4	1	1	1	1	4	4	4	4	1	1	4	2	4	1	4	5	4	1	4	4	4	4	1	1	4	2	4	4	4	1	2	2	4	1	4	4	1	1	1	4	1	4	4	4	1	1	3	3	1	1	2	4	4	4	1	1	1	1	4	4	0	4	1	4	4	4	4	1	1	4	4	4	4	1	0	4	1	3	2	2	2	1	4	1	4	4	2	4	1	4	1	4	1	1	4	1	4	1	2	1	4	1	2	4	1	4	1	4	2	4	1	1	1	4	1	2	4	2	2	1	3	4	4	4	4	1	1	4	4	5	2	1	1	4	4	4	4	4	1	0	4	0	4	4	4	3	4	4	1	1	4	1	1	1	1	1	4	4	4	0	4	4	1	1	4	1	1	1	1	1	1	1	4	4	4	5
nhr-25	3	3	3	4	4	5	4	4	4	5	4	4	4	3	5	4	4	4	4	4	5	4	4	4	4	5	4	3	5	5	4	3	4	3	4	3	3	4	1	5	4	3	4	5	5	3	4	3	4	1	5	4	4	4	3	4	5	5	5	3	4	4	3	3	5	4	2	3	3	5	5	5	5	3	3	3	3	5	5	4	5	3	5	4	4	3	3	4	4	4	4	3	4	4	4	3	5	4	5	5	3	4	5	5	5	4	4	5	4	4	5	3	4	4	5	4	3	4	2	5	4	3	3	3	4	4	4	4	5	3	3	4	5	3	2	4	3	5	5	4	4	4	5	5	4	4	4	3	4	3	4	5	4	5	0	1	5	5	4	5	3	3	4	5	5	5	5	5	5	5	5	1	3	4	4	4	2	4	5	4	4	4	4	4	4	4	5	4	1	3	4
nhr-256	0	5	4	4	0	2	0	0	5	5	3	0	5	5	0	5	5	5	5	0	5	4	0	5	4	4	3	5	2	3	5	5	1	5	3	5	5	5	4	4	3	5	4	5	5	3	2	5	5	4	0	5	5	5	5	5	4	4	5	5	0	3	0	3	2	0	5	5	0	1	1	1	5	5	5	0	5	2	3	0	3	5	2	5	3	4	3	0	5	0	4	0	3	0	3	3	2	5	2	2	3	3	3	2	3	5	5	2	3	0	5	0	2	0	2	4	2	3	5	2	5	0	5	0	0	5	0	5	2	5	3	3	3	2	5	3	5	3	3	4	5	5	3	3	5	2	1	0	5	5	5	4	4	0	0	5	0	4	3	3	0	5	4	1	1	4	2	5	5	1	1	5	5	5	0	4	5	5	5	5	5	5	4	2	1	5	2	3	4	5	5
nhr-34	4	2	1	1	4	5	4	1	1	4	4	4	1	2	4	1	1	1	1	4	4	4	1	1	4	5	4	4	5	5	4	2	1	2	5	3	3	4	1	4	4	2	4	4	4	3	4	2	1	1	4	1	4	1	1	1	4	4	4	1	4	4	3	4	5	4	4	3	3	5	5	5	4	4	3	3	3	5	5	4	5	2	5	1	4	3	4	4	1	3	4	2	4	4	4	4	5	4	5	5	4	4	5	5	5	1	1	5	5	4	4	2	4	1	5	4	4	4	4	5	2	4	4	1	1	1	4	1	5	1	3	4	4	3	1	4	3	4	5	4	1	1	5	5	4	4	4	4	1	3	1	4	4	5	0	1	4	4	4	4	4	2	4	5	5	5	5	4	4	5	5	1	3	1	5	4	1	1	1	4	1	4	1	4	1	4	5	4	1	3	4
nhr-4	0	4	1	1	2	4	0	0	4	5	2	1	4	4	0	1	5	4	5	4	5	4	0	4	4	4	4	4	1	4	5	4	4	4	2	4	4	4	4	4	4	4	3	5	5	3	2	4	1	1	5	4	4	4	4	4	4	4	5	4	2	3	0	2	1	0	1	4	0	1	1	1	5	1	4	0	4	4	4	4	0	4	1	1	4	3	2	0	1	0	4	0	3	3	2	2	1	5	1	4	3	4	4	1	4	4	4	1	2	0	5	0	2	2	2	4	2	3	1	0	4	2	4	2	0	4	2	4	4	1	3	4	3	0	1	3	4	4	4	4	4	4	4	4	5	0	4	2	4	4	4	4	4	2	0	4	0	4	4	4	0	4	4	1	1	5	1	5	5	1	1	4	4	4	0	4	1	1	5	4	1	4	1	2	0	4	1	4	1	4	5
nhr-46	3	2	1	1	4	5	4	1	1	4	4	4	4	3	4	1	4	4	4	4	4	4	4	4	4	4	4	2	5	5	4	3	1	1	5	3	3	4	1	4	4	1	4	4	5	3	4	3	1	1	5	4	4	4	2	1	4	4	4	2	1	4	3	4	5	4	1	1	3	5	5	5	5	4	3	3	3	5	4	4	4	3	5	1	4	4	4	4	1	4	4	3	4	4	4	4	5	4	5	4	4	4	5	5	5	1	4	5	4	4	5	3	4	1	5	4	4	4	1	5	4	4	2	1	1	1	4	4	5	1	3	4	4	3	1	4	3	5	5	4	4	1	5	5	4	4	4	4	4	3	4	4	4	5	0	1	4	4	4	5	4	3	4	5	5	5	5	5	5	5	5	1	3	4	4	4	1	1	5	4	1	4	1	4	1	1	5	4	1	3	1
nhr-47	0	3	2	1	4	5	4	2	4	5	2	4	4	3	5	1	4	1	4	4	5	4	4	4	4	5	4	3	5	5	5	3	1	4	5	3	3	4	1	5	4	2	3	5	5	3	3	3	1	2	5	1	4	2	2	1	5	5	5	2	2	3	3	3	4	0	1	3	3	5	5	5	5	3	3	3	3	5	5	4	5	3	5	2	4	3	4	4	1	0	3	2	3	4	3	2	5	4	5	5	3	4	5	5	5	1	4	5	4	4	5	3	4	2	5	4	3	2	1	0	3	2	3	2	4	1	3	2	5	2	2	4	3	3	2	3	3	5	5	4	4	1	5	5	5	1	4	2	4	3	1	5	3	4	0	1	0	5	4	5	0	3	4	5	4	5	5	5	5	5	4	1	2	4	0	4	2	1	4	4	1	3	1	4	1	2	5	4	1	3	5
nhr-49	0	2	4	1	4	4	4	4	1	4	4	4	4	4	5	4	4	4	4	4	4	4	4	4	4	4	4	4	4	4	4	4	1	3	4	4	3	4	4	4	4	4	4	5	5	4	4	4	4	1	5	4	4	4	4	4	4	4	5	1	4	4	3	3	5	0	4	4	3	4	4	4	5	4	4	3	4	4	4	4	4	4	4	4	4	4	4	3	4	0	4	4	3	4	4	3	5	5	4	4	3	4	4	5	4	4	4	4	4	1	5	3	4	4	4	4	4	4	4	0	3	0	3	4	2	1	4	4	5	4	3	4	4	3	4	4	4	5	4	4	4	4	4	4	5	4	4	1	4	4	4	4	4	4	0	5	0	5	4	4	0	4	4	1	4	5	5	5	5	1	4	5	4	4	0	4	4	4	5	4	4	4	1	4	1	4	5	4	4	4	4
nhr-57	3	3	3	3	4	5	3	3	4	5	3	5	3	3	3	3	3	3	3	3	5	3	3	3	3	5	3	3	5	5	5	3	3	3	4	3	3	3	4	5	3	3	3	5	5	3	3	3	3	4	5	3	3	2	3	3	5	5	5	2	3	3	3	3	5	3	4	3	3	5	5	5	5	4	3	3	3	5	5	3	5	3	5	3	4	3	5	3	3	3	3	2	3	3	3	3	5	3	5	5	3	3	5	5	5	3	3	5	5	3	4	3	5	3	5	3	4	3	4	5	3	4	3	3	3	2	3	3	5	3	3	4	3	3	3	3	3	5	5	5	2	3	5	5	5	3	4	4	3	3	3	5	3	4	0	5	3	4	3	5	3	3	3	5	5	5	5	5	5	5	5	5	3	5	0	3	3	3	4	3	3	3	2	5	2	3	5	4	5	3	4
nhr-61	0	4	1	1	4	4	4	2	4	5	1	4	4	4	5	1	4	1	4	4	4	4	5	4	4	4	4	1	4	4	5	4	1	4	4	4	4	4	1	4	4	4	3	5	5	3	2	4	1	1	5	1	4	4	1	1	4	4	5	1	2	3	0	2	4	2	1	4	3	1	1	1	5	4	4	2	4	4	4	4	4	4	1	1	4	3	4	4	1	0	4	1	3	4	2	2	1	5	1	4	3	4	4	1	4	1	4	4	4	4	5	3	1	2	1	4	2	3	4	0	4	2	4	1	4	1	2	4	4	1	2	4	4	2	1	4	4	4	4	4	4	1	4	4	5	1	4	2	4	4	4	4	4	1	0	1	0	4	4	4	0	4	4	1	1	4	5	5	5	1	1	1	4	4	0	4	1	1	5	4	1	4	1	1	1	1	1	4	1	4	5
nhr-64	4	3	2	4	4	5	4	3	4	4	3	4	1	3	4	1	1	1	1	4	4	4	4	1	1	5	4	3	5	5	5	3	1	4	5	3	3	4	1	5	4	3	3	4	4	3	3	3	1	1	1	1	1	1	3	1	5	5	4	1	4	3	3	4	5	3	1	3	3	5	5	5	4	4	3	3	3	5	5	4	5	3	5	1	4	3	4	4	1	3	3	2	3	4	3	4	5	4	5	5	4	4	5	5	5	1	4	5	4	4	1	3	4	2	5	4	4	3	4	5	3	4	4	2	4	1	4	2	5	1	3	4	3	3	1	3	3	4	5	4	1	1	5	5	5	4	4	4	4	3	4	4	3	5	0	1	3	4	4	5	3	3	4	5	5	5	5	4	4	5	5	1	3	1	0	4	4	1	1	4	1	3	1	4	1	2	5	4	1	4	5
nhr-66	4	5	5	5	4	3	4	5	5	5	4	4	5	5	4	5	5	5	5	4	5	5	5	5	5	4	4	5	4	3	4	5	5	5	3	5	5	5	5	4	4	5	4	5	5	4	4	5	5	5	5	5	5	5	5	5	4	4	5	5	5	4	4	4	1	4	5	5	6	4	4	4	5	5	5	4	5	4	3	4	4	5	1	5	3	4	4	4	5	5	5	5	4	4	4	4	1	4	1	3	3	4	2	1	3	5	5	1	3	4	5	4	3	5	1	5	4	4	5	2	5	4	5	5	5	5	4	5	2	5	4	4	4	4	5	4	5	4	2	3	5	5	3	3	4	4	4	4	5	5	5	4	5	1	0	5	4	4	4	3	3	5	5	1	1	5	2	5	5	1	1	5	5	5	4	4	5	5	5	5	5	5	5	4	5	5	1	3	5	5	5
nhr-68	0	3	2	3	3	5	3	3	4	5	3	5	3	3	5	2	3	3	3	4	5	3	4	3	3	5	4	3	5	5	5	3	3	4	5	3	3	4	2	5	4	3	3	5	5	3	3	3	2	4	5	3	4	3	3	3	5	5	5	2	2	3	3	3	5	3	1	3	3	5	5	5	5	2	3	3	3	5	5	3	5	3	5	2	4	3	3	4	2	3	3	3	3	3	3	3	5	4	5	5	3	3	5	5	5	3	4	5	5	4	5	3	5	2	5	4	4	3	1	5	3	3	3	2	4	1	3	3	5	2	3	4	3	3	2	3	3	5	5	5	4	3	5	5	5	4	4	4	4	3	4	5	3	5	0	1	3	5	4	5	3	3	4	5	5	5	5	5	5	5	5	1	3	5	0	4	2	2	5	3	2	3	2	4	4	2	5	4	1	3	5
nhr-70	0	4	1	1	1	4	4	0	4	4	2	1	1	1	4	1	1	1	1	4	4	4	1	1	1	4	4	1	4	4	5	4	1	4	4	4	4	4	1	4	4	1	4	5	4	2	1	4	1	1	4	1	4	1	1	1	4	4	4	1	1	3	1	1	1	2	1	4	4	4	4	4	4	4	4	3	4	4	4	4	4	4	1	1	4	4	4	4	1	4	4	1	3	4	3	1	1	4	1	4	4	1	4	1	4	1	1	4	4	4	4	1	1	2	1	4	2	2	1	1	1	1	1	2	1	1	2	1	4	1	2	4	2	2	1	3	4	4	4	4	1	1	4	4	5	4	4	1	4	4	1	4	4	1	0	4	0	4	4	4	3	4	4	1	1	5	4	4	4	1	1	4	4	1	0	4	1	1	1	4	1	4	1	1	1	1	1	4	1	4	4
nhr-71	0	4	5	4	4	4	4	4	4	4	1	4	4	4	4	4	4	4	4	4	4	4	4	4	4	4	3	4	4	4	5	4	1	4	4	4	4	4	5	4	4	4	4	5	4	4	4	4	4	5	3	4	4	4	4	4	4	4	4	4	4	4	3	4	1	3	4	4	4	4	4	4	4	4	4	3	4	4	4	4	4	4	1	4	4	4	4	4	4	5	4	4	3	4	4	4	1	4	1	4	4	4	4	1	4	4	4	1	4	4	4	4	4	3	2	4	3	4	4	1	4	4	4	4	4	4	4	4	4	4	4	2	3	4	5	4	4	4	4	4	4	4	4	4	4	4	4	4	4	4	4	4	4	2	0	5	3	4	4	4	4	4	4	1	1	5	1	4	4	1	1	5	4	4	0	4	5	4	4	4	4	4	5	4	1	4	1	4	5	4	5
nhr-78	0	4	4	1	4	4	1	0	4	4	2	4	1	4	3	1	1	1	1	4	4	1	4	1	1	4	2	4	1	4	5	4	1	4	4	4	4	1	4	4	2	4	1	4	1	1	1	4	1	4	1	1	1	1	4	1	4	4	4	1	4	3	4	4	1	2	5	4	4	1	1	1	1	4	4	0	4	1	4	4	4	4	1	1	4	4	4	4	1	0	1	1	2	1	1	4	1	4	1	4	4	2	4	1	4	1	4	1	1	0	1	4	1	3	1	4	1	2	5	1	4	1	4	1	4	1	4	1	4	1	2	1	2	2	4	4	4	1	4	4	1	1	4	4	5	2	1	1	1	4	4	1	4	1	0	4	2	1	4	4	4	4	4	1	1	1	1	1	1	1	1	4	4	1	0	1	4	1	1	4	1	1	1	1	1	4	1	4	5	4	5
nhr-86	0	1	1	1	1	4	1	0	4	4	2	1	1	1	0	1	1	1	1	4	4	4	1	1	1	4	1	1	1	4	5	1	1	4	4	1	4	1	1	4	1	1	1	5	1	1	2	1	1	1	0	1	1	1	1	1	4	4	4	1	1	3	1	2	1	2	1	1	0	1	1	1	1	4	4	2	4	1	4	4	4	4	1	1	4	4	1	4	1	0	1	1	2	1	2	1	1	4	1	4	4	1	4	1	4	1	1	1	4	0	1	1	1	2	2	4	2	2	1	2	1	0	1	1	1	1	2	1	4	1	2	4	2	2	1	3	4	4	4	4	1	1	4	4	5	1	1	2	1	4	1	4	1	1	0	4	0	1	4	4	3	1	4	1	1	1	1	1	1	1	1	4	1	1	0	1	1	1	1	4	1	1	1	1	1	1	1	4	1	4	5
nob-1	3	3	2	4	4	5	4	3	4	5	4	4	4	3	5	1	4	4	4	4	5	4	5	4	4	5	4	3	5	5	5	3	4	4	5	3	3	4	1	5	4	3	3	5	5	3	3	3	1	2	5	4	4	4	3	4	5	5	5	2	2	3	3	3	5	3	2	3	3	5	5	5	5	3	3	3	3	5	5	4	5	3	5	2	4	3	3	3	1	3	4	3	3	4	3	3	5	5	5	5	3	4	5	5	5	4	4	5	4	4	5	3	4	2	5	4	3	3	2	5	3	3	3	2	4	1	3	3	5	2	3	5	4	3	2	3	3	5	5	4	4	4	5	5	5	4	4	3	4	3	4	5	4	5	0	1	4	5	4	5	3	3	4	5	5	5	5	5	5	5	5	1	3	4	5	4	2	1	5	4	1	3	1	4	4	2	5	4	1	3	5
ntl-2	4	4	1	1	4	4	1	1	4	4	1	4	1	4	1	1	1	1	1	4	4	1	4	1	1	4	1	4	4	4	5	4	1	4	4	4	4	1	1	4	1	4	1	4	1	1	1	4	1	1	4	1	1	1	4	1	4	4	4	1	1	4	4	4	1	2	4	4	4	1	1	1	1	4	4	1	4	4	4	4	4	4	4	1	4	4	4	4	1	4	1	1	3	1	1	4	4	4	4	4	4	1	4	1	4	1	4	4	4	4	1	4	4	1	4	4	4	1	4	1	4	1	4	1	4	1	4	1	4	1	1	4	4	1	1	2	4	4	4	7	1	1	4	4	5	1	1	1	1	4	4	1	1	1	0	1	1	1	4	4	4	4	4	1	1	1	4	1	1	1	1	1	4	1	0	1	4	1	1	4	1	1	1	1	1	1	4	4	1	4	4
nurf-1	4	1	1	1	4	4	4	1	4	4	4	4	1	1	4	1	1	1	1	4	4	1	1	1	1	4	4	1	4	4	4	1	1	1	5	1	4	1	1	4	4	1	1	4	1	1	4	1	1	1	4	1	1	1	1	1	4	4	4	1	1	4	4	4	5	4	1	4	3	4	4	4	4	4	4	4	4	4	7	4	4	4	5	1	4	1	4	4	1	1	1	1	4	4	4	4	5	4	5	4	4	4	5	5	4	1	1	5	4	4	1	1	4	1	5	4	4	4	1	5	1	4	1	1	4	1	4	1	5	1	4	4	4	4	1	4	2	4	5	4	1	1	4	4	4	4	4	1	1	4	1	4	1	5	0	1	4	1	4	4	4	1	4	5	5	4	5	4	4	5	5	1	1	1	0	4	1	1	1	4	1	1	1	4	1	1	5	4	1	4	4
oma-1	4	4	5	4	4	4	4	5	5	4	3	4	4	4	4	5	4	4	4	4	4	4	4	4	4	4	3	4	1	4	5	4	4	4	4	4	4	4	5	4	3	4	4	4	1	4	4	4	5	5	1	4	4	4	4	4	4	4	4	5	5	4	4	4	1	3	5	4	4	1	1	1	1	4	4	4	4	1	4	4	4	4	1	5	4	4	4	4	5	4	4	4	3	4	3	4	1	4	1	4	4	4	4	1	4	4	4	1	4	4	1	4	4	5	1	4	4	4	5	1	4	4	5	5	5	5	4	4	4	5	4	4	3	4	5	4	4	2	4	4	4	4	4	4	5	4	4	4	4	4	4	4	4	1	0	5	4	1	4	3	4	4	4	1	1	1	1	1	1	1	1	5	4	4	0	4	5	5	1	4	5	4	5	4	4	5	1	4	5	5	5
oma-2	4	5	5	5	3	3	4	4	5	5	4	4	5	5	4	5	5	5	5	4	4	5	5	5	5	4	4	5	4	3	4	5	5	5	3	5	5	5	5	4	4	5	4	5	5	4	4	5	5	5	5	5	5	5	5	5	4	4	5	5	5	4	4	4	1	4	5	5	5	4	4	4	4	5	5	4	5	4	3	4	4	5	1	5	3	4	4	4	5	5	4	5	4	4	4	4	1	5	1	4	3	4	2	1	3	5	5	2	3	4	5	4	3	5	1	4	4	4	5	1	5	4	5	5	4	5	4	5	2	5	4	4	4	4	5	4	5	4	2	4	5	5	3	3	5	4	4	4	5	5	5	4	5	1	4	5	4	4	4	3	3	5	4	1	1	4	1	4	4	1	1	5	5	5	3	4	5	5	5	5	5	5	5	4	5	5	1	3	5	5	5
pal-1	4	4	4	5	4	4	5	5	4	4	4	1	5	4	5	5	5	5	5	4	5	5	4	5	5	4	4	4	4	4	1	4	5	4	4	4	4	5	5	4	4	4	4	4	5	5	4	4	5	1	4	5	5	5	4	5	4	4	5	5	4	4	4	4	1	4	4	4	4	5	5	5	5	4	4	4	4	4	4	4	4	4	4	4	4	4	4	4	5	5	5	5	4	5	4	4	4	4	4	4	4	4	4	4	4	5	4	4	4	4	5	4	4	4	4	4	4	4	4	4	4	4	4	4	4	5	4	4	1	5	4	4	4	4	4	7	4	4	4	2	5	5	4	4	1	5	5	4	5	4	4	5	4	4	0	5	0	5	4	4	4	4	4	5	5	5	1	5	5	5	5	5	4	4	1	5	4	5	5	4	5	4	5	4	5	4	1	4	4	4	1
pes-1	3	3	3	3	4	5	3	3	4	4	3	5	2	3	3	4	3	3	3	3	4	3	3	3	3	5	3	4	5	5	5	3	4	3	5	3	3	3	4	4	3	3	3	4	4	3	4	3	4	5	4	3	3	2	4	3	4	4	4	1	4	3	3	4	5	3	4	3	3	5	5	5	4	4	3	3	3	5	5	3	5	3	5	4	4	3	5	4	4	3	3	2	3	3	3	4	5	3	5	5	4	3	5	5	5	4	3	5	5	4	3	3	5	3	5	3	5	3	4	5	3	4	4	4	4	2	4	3	5	4	3	4	3	3	4	3	3	4	5	5	2	3	5	5	5	3	4	5	3	3	3	4	3	5	3	5	3	3	3	4	3	3	3	5	5	5	5	4	4	5	5	5	3	4	5	3	4	4	1	3	4	3	1	5	2	3	5	4	5	3	5
pha-4	3	3	3	3	4	5	3	3	4	4	3	5	2	3	4	2	2	2	2	4	4	3	4	2	2	5	4	3	5	5	5	3	2	4	5	3	3	4	1	5	4	3	3	5	5	3	3	3	1	5	5	2	4	2	3	2	5	5	4	2	4	3	3	3	5	3	4	3	3	5	5	5	4	3	3	3	3	5	5	3	5	3	5	3	4	3	4	4	2	3	3	2	3	3	3	3	5	4	5	5	4	3	5	5	5	2	4	5	5	4	4	3	5	3	5	4	4	3	4	5	3	4	3	3	4	1	3	3	5	1	3	4	3	3	4	3	3	4	5	5	1	2	5	5	5	4	4	5	4	3	4	5	3	5	0	1	3	5	4	5	3	3	4	5	5	5	5	5	5	5	5	1	3	4	0	4	4	2	1	3	1	3	2	4	1	3	5	4	4	3	5
pie-1	4	5	5	5	4	2	4	4	5	4	4	4	5	5	4	5	5	5	5	3	4	4	5	5	5	4	4	5	1	2	4	5	5	5	4	5	4	4	5	4	4	5	4	4	4	4	4	5	5	5	5	5	4	5	5	5	4	4	4	5	5	4	4	4	1	4	5	5	7	1	1	1	4	5	6	4	6	1	3	4	4	5	1	5	3	4	4	4	5	4	4	5	4	4	4	4	1	4	1	3	4	4	2	1	3	5	5	1	4	4	5	4	4	5	1	4	4	4	5	1	5	4	5	5	4	5	4	5	1	5	4	4	4	4	5	4	4	4	1	4	5	5	2	3	4	4	4	4	5	4	5	4	4	1	0	5	4	4	4	3	3	5	4	1	1	1	1	4	4	1	1	5	5	5	0	4	5	5	5	5	5	4	5	4	5	5	1	3	5	5	5
pos-1	4	5	5	5	4	1	4	4	5	4	4	4	5	5	4	5	5	5	5	4	4	4	5	5	5	4	4	5	1	4	4	5	5	5	4	5	7	5	5	4	4	5	4	4	4	4	4	5	5	5	5	5	5	5	5	5	4	4	4	5	5	4	4	4	1	4	5	5	7	1	1	1	4	5	7	4	6	4	3	4	4	5	1	5	3	4	4	4	5	4	4	5	4	4	4	4	1	4	1	4	4	4	1	1	2	5	5	1	4	4	5	4	4	5	1	4	4	4	5	1	5	4	5	5	4	5	4	5	1	5	4	4	4	4	5	4	4	4	1	4	5	5	1	2	4	4	4	4	5	4	5	4	4	1	0	5	4	4	4	3	4	5	4	1	1	4	1	4	4	1	1	5	5	5	4	4	5	5	5	4	5	5	5	4	5	5	1	4	5	5	5
psa-1	0	4	5	5	5	4	5	5	4	4	5	5	5	4	5	5	5	5	5	4	4	5	5	5	5	4	5	5	5	4	4	4	5	4	4	4	4	5	5	4	5	4	5	4	5	5	5	4	5	5	4	5	5	5	5	5	4	4	4	5	5	4	4	5	5	5	4	4	3	5	5	5	5	4	4	5	4	5	4	4	5	4	5	5	4	4	4	4	5	4	5	5	5	5	5	5	5	4	5	4	4	5	4	5	4	5	5	5	5	4	5	4	5	5	5	4	5	5	4	5	4	5	4	5	5	5	5	5	4	5	5	4	5	5	5	5	4	5	5	3	5	5	4	4	2	5	5	5	5	4	5	5	5	5	0	5	5	5	4	4	4	4	4	5	5	5	5	5	5	5	5	5	4	5	0	5	5	5	5	4	5	5	5	5	5	5	5	4	5	4	4
rbr-2	0	4	4	1	4	4	2	3	4	4	2	4	1	4	3	4	4	4	4	3	4	4	1	4	1	4	3	4	4	4	5	4	1	4	4	4	4	1	4	4	2	4	4	4	1	2	4	4	4	5	4	1	1	1	4	4	4	4	4	1	4	3	4	4	1	2	4	4	4	4	4	4	1	4	4	3	4	4	4	3	4	4	1	4	4	4	4	4	4	0	2	1	3	3	3	3	1	4	1	4	4	2	4	1	4	4	4	4	4	4	1	4	4	3	1	4	4	2	4	2	4	0	4	3	4	1	3	4	4	4	4	4	2	3	4	3	4	4	4	5	1	4	4	4	5	2	1	3	1	4	4	4	4	1	0	5	0	1	3	4	3	4	4	1	1	1	4	1	1	1	1	5	4	1	0	2	4	4	1	4	4	4	1	4	1	4	1	3	5	4	5
ref-1	3	4	4	4	4	4	3	3	4	4	3	5	4	4	3	4	4	4	4	3	4	4	4	4	4	4	3	4	4	4	5	4	4	4	4	4	4	4	4	4	3	4	3	4	1	4	4	4	4	5	4	4	4	4	4	4	4	4	4	4	4	3	4	4	5	3	4	4	4	1	1	1	1	4	4	3	4	4	4	3	4	4	4	4	4	3	4	4	4	4	4	4	3	3	3	4	4	4	4	4	4	3	4	4	4	4	4	4	4	4	1	4	4	4	4	4	4	3	4	3	4	4	4	4	4	4	4	4	4	4	4	4	3	3	4	3	4	4	4	5	4	4	4	4	5	3	2	4	4	4	4	4	4	4	0	5	3	2	3	4	3	4	4	1	1	1	5	1	1	1	1	5	4	4	0	3	4	4	1	4	4	4	4	4	4	4	4	4	5	4	5
sbp-1	0	5	4	5	2	4	4	0	4	5	2	2	5	4	5	5	5	5	5	4	5	5	5	5	5	4	4	4	1	4	5	4	4	5	4	4	4	5	4	4	4	4	3	5	5	3	2	4	4	1	5	4	5	5	4	5	4	4	5	4	2	3	0	3	4	0	1	4	0	4	4	4	5	4	4	3	4	1	4	4	4	4	1	1	4	3	3	5	5	0	4	0	3	4	3	2	1	5	1	4	3	4	4	1	4	5	5	1	3	4	5	3	2	2	2	5	2	3	1	0	4	2	4	2	3	4	2	4	4	4	3	4	3	2	1	3	3	4	4	4	5	5	4	4	5	1	4	2	5	5	5	4	4	1	0	4	0	4	4	4	0	4	5	1	1	5	4	5	5	1	1	4	4	4	0	4	1	4	5	5	4	3	4	2	4	1	1	4	1	4	5
sdc-1	3	4	4	1	4	5	3	4	4	4	4	5	1	3	3	4	4	4	4	4	4	3	2	4	3	4	3	4	5	5	5	3	4	3	5	3	3	4	4	4	3	4	3	4	4	3	4	3	4	4	4	4	4	1	4	4	4	4	4	1	4	3	4	4	5	3	4	4	3	5	5	5	4	4	3	3	3	5	4	4	4	3	5	4	4	3	5	4	4	3	3	2	3	3	4	4	5	4	5	4	4	3	5	5	5	4	2	5	5	4	4	3	5	4	5	3	5	4	4	5	3	4	4	4	4	1	4	4	5	4	4	4	3	3	4	3	3	4	5	5	1	4	5	5	5	3	4	5	2	3	2	4	3	5	0	5	3	3	3	4	4	3	3	5	5	5	5	4	4	5	5	5	3	1	5	3	4	4	1	3	4	3	1	5	1	3	5	4	5	4	4
sdc-2	0	1	1	1	4	5	4	0	1	4	4	5	1	1	4	1	1	1	1	4	4	1	1	1	1	4	4	4	5	4	4	1	1	1	5	1	2	1	1	4	4	1	4	4	1	4	4	1	1	4	1	1	1	1	1	1	4	4	1	1	4	4	4	4	5	0	1	1	2	4	5	4	1	4	4	4	4	5	4	4	4	1	5	1	4	4	4	4	1	2	4	1	4	4	4	4	5	4	5	4	4	4	5	5	4	1	1	5	5	4	1	2	5	4	5	4	5	4	1	5	1	4	1	1	4	1	4	1	5	1	4	4	4	4	1	4	4	4	5	4	1	1	4	4	4	4	4	5	1	2	1	4	1	5	0	4	0	4	4	7	4	1	4	5	5	1	5	1	1	5	5	4	1	1	0	4	1	1	1	4	1	1	1	5	1	1	5	4	4	4	1
sdc-3	0	2	3	2	4	5	4	4	4	4	4	5	1	3	4	4	4	4	4	3	4	4	2	4	4	4	4	3	5	5	4	3	4	3	5	3	3	4	4	4	4	3	3	4	4	3	4	3	4	5	4	4	4	2	4	4	4	4	4	1	4	3	3	4	5	3	4	4	3	5	5	5	4	4	3	3	3	5	4	4	5	3	5	4	4	3	4	4	4	3	4	2	4	3	4	4	5	4	5	5	4	3	5	5	5	4	2	5	5	4	1	3	5	4	5	4	5	4	4	5	3	4	4	3	4	1	4	4	5	4	3	4	4	3	4	4	3	4	5	4	1	4	5	5	5	4	4	5	2	3	2	4	3	5	0	5	3	4	3	4	3	3	4	5	5	5	5	4	4	5	5	5	3	1	0	4	4	4	1	3	4	4	1	5	2	4	5	4	5	3	4
sea-1	4	4	5	4	5	4	3	4	5	4	4	5	4	4	2	5	4	4	4	4	1	4	4	4	4	1	3	5	4	4	5	4	5	4	4	4	4	4	5	4	3	4	4	1	1	4	4	4	5	5	4	4	4	4	4	4	2	2	1	5	5	4	4	4	5	3	5	5	4	1	1	1	1	5	4	4	4	4	4	4	4	4	4	5	4	4	4	4	5	4	4	4	3	3	4	4	4	4	4	4	4	4	4	4	4	5	4	4	4	4	1	4	4	5	4	4	4	4	5	4	4	4	4	5	4	5	4	4	4	5	4	4	3	4	5	3	4	4	4	5	4	5	4	4	5	4	4	4	4	4	4	2	4	4	0	5	1	1	3	3	4	4	4	1	1	1	5	1	1	1	1	5	4	4	0	3	5	5	1	4	5	4	5	4	5	5	4	4	5	4	4
sex-1	4	4	1	1	4	4	3	1	4	4	4	5	1	4	4	1	1	1	1	4	4	2	1	1	1	4	4	4	4	4	5	4	1	4	4	4	3	1	1	4	4	4	3	4	1	4	4	4	1	4	4	1	1	1	4	1	4	4	4	1	4	3	4	4	5	3	4	4	3	4	4	4	1	4	4	4	4	4	4	4	4	4	5	1	4	3	4	4	1	4	4	1	3	3	4	4	5	4	5	4	4	4	5	5	4	1	1	4	4	4	1	4	4	4	5	4	4	4	4	4	4	4	4	1	4	1	4	1	5	1	4	4	4	3	4	3	3	4	5	4	1	1	4	4	5	4	4	4	1	3	1	4	2	4	0	1	3	4	4	4	4	4	4	5	5	1	5	1	1	5	5	1	4	1	5	4	4	1	1	4	1	2	1	4	1	4	5	4	1	4	4
skn-1	0	5	5	1	3	3	4	0	5	5	2	3	5	5	3	5	5	5	5	3	5	4	5	5	4	4	3	5	3	3	5	5	1	5	3	5	5	5	5	4	3	4	4	5	5	3	2	5	5	4	4	5	5	5	5	5	4	4	5	4	3	3	2	3	2	0	5	5	4	4	4	4	5	4	5	3	5	3	3	4	3	5	2	5	3	4	3	3	5	0	5	4	3	3	3	3	2	5	2	3	3	3	3	2	3	5	5	3	3	4	5	4	3	3	2	4	3	3	5	0	5	2	5	4	4	4	3	5	3	5	3	2	3	3	5	3	5	3	3	4	5	5	3	3	5	3	4	3	5	5	5	4	4	2	0	5	0	4	3	3	0	5	4	1	1	5	3	5	5	1	1	5	5	5	0	4	5	5	5	5	5	5	4	2	1	5	2	3	5	5	5
sop-2	0	0	0	0	0	0	0	0	0	0	0	0	0	4	0	4	4	4	0	0	0	0	0	4	0	0	0	0	1	4	0	4	0	0	0	4	0	0	0	0	0	0	0	0	0	0	0	4	4	0	0	0	0	0	0	0	4	4	0	0	0	0	0	0	0	0	5	0	0	0	1	0	0	0	0	0	4	1	0	0	0	4	0	0	0	0	0	0	4	0	0	0	0	0	0	0	0	0	1	0	0	0	0	1	4	0	0	0	0	0	0	0	0	0	0	0	0	0	0	0	0	0	0	0	0	0	0	0	0	0	0	0	0	0	0	0	0	0	4	0	1	0	0	0	0	0	0	0	0	0	0	0	0	0	2	5	0	0	0	0	0	4	0	1	0	0	0	0	0	0	0	0	0	0	0	0	0	0	4	0	4	0	0	0	0	0	0	0	0	0	0
sox-2	4	4	3	4	3	5	4	3	5	4	4	5	4	3	5	3	3	3	3	5	5	4	5	3	4	5	5	3	5	5	5	3	4	5	5	3	3	5	3	5	5	4	3	4	5	4	4	3	3	4	5	3	5	4	3	3	5	5	5	4	3	3	4	3	5	4	3	3	3	5	5	5	5	4	3	3	3	5	5	4	4	3	5	3	5	3	3	4	3	4	4	4	3	3	3	3	5	4	5	4	3	4	5	5	5	3	5	5	4	5	5	4	5	3	5	5	4	4	3	5	3	4	3	3	5	5	3	3	5	3	4	5	4	4	3	3	3	5	5	5	5	3	5	5	5	5	5	4	5	4	5	5	3	5	5	2	4	5	5	5	4	3	5	5	5	5	5	5	5	5	5	2	3	5	5	5	3	3	5	4	3	3	4	4	5	3	5	5	3	4	5
spr-1	0	0	1	0	0	1	0	0	5	0	0	0	1	4	0	1	1	1	1	0	4	4	0	1	0	0	2	0	4	4	5	4	1	0	0	4	4	1	4	0	2	0	0	0	1	0	0	4	1	4	0	1	1	1	4	1	4	4	4	0	0	0	0	0	0	0	5	4	0	1	1	1	1	0	4	0	4	4	0	0	0	4	1	1	4	0	4	0	1	0	0	0	2	2	0	3	1	0	1	0	4	2	4	1	4	1	1	1	4	0	1	0	0	0	0	4	0	0	5	0	4	0	4	0	0	1	0	1	4	1	0	1	2	0	4	3	4	4	4	0	1	1	4	4	5	0	1	0	1	0	1	3	1	0	0	4	2	2	3	0	0	4	4	1	1	4	0	1	1	1	1	4	0	1	0	2	4	1	1	4	1	0	4	1	0	0	0	4	4	4	0
taf-4	0	5	5	4	5	4	2	4	5	4	3	5	4	4	3	5	4	4	4	3	4	4	4	4	2	3	3	5	4	4	5	4	4	4	4	4	4	1	5	3	3	5	3	4	1	1	4	4	5	5	4	1	1	1	5	5	3	3	4	5	4	3	4	4	5	0	5	5	3	1	1	1	1	5	4	3	4	4	4	3	3	4	1	5	4	3	4	4	5	0	2	2	3	3	4	4	4	4	4	4	4	3	4	4	4	5	4	4	4	4	1	3	4	4	4	4	4	4	5	4	4	4	4	5	5	4	4	4	4	5	4	4	3	3	5	3	3	3	4	5	1	5	4	4	5	3	2	4	1	4	4	3	4	4	0	5	2	2	3	3	3	4	4	1	1	1	5	1	1	1	1	5	5	4	0	2	5	5	1	4	5	3	4	4	5	5	4	4	5	4	5
taf-5	1	4	4	1	4	1	1	4	4	4	1	4	1	4	1	4	4	4	4	1	4	1	1	4	1	4	1	4	4	4	4	4	1	4	4	4	4	1	4	1	1	4	4	4	1	4	1	4	4	5	4	4	1	1	4	4	4	4	1	1	4	4	4	4	1	4	4	4	4	1	1	1	1	4	4	4	4	4	4	4	4	4	1	4	4	4	4	4	4	1	4	1	4	3	4	4	4	4	4	4	4	4	4	4	4	4	1	4	4	1	1	4	4	4	4	4	4	4	4	1	4	4	4	4	4	1	4	4	4	4	4	4	4	4	4	4	4	4	4	4	1	4	4	4	4	1	1	4	1	4	1	1	4	1	0	5	1	1	2	4	4	4	4	1	1	1	4	1	1	1	1	5	4	4	0	1	4	4	1	4	4	4	1	4	1	4	1	4	5	4	4
tag-153	0	6	5	4	4	1	4	4	5	4	4	4	4	4	1	5	4	4	4	4	1	4	4	4	4	1	4	5	1	1	4	4	5	4	4	4	7	4	5	1	4	5	4	1	1	4	4	4	5	5	1	5	4	5	5	5	1	1	1	5	5	4	7	4	1	4	5	5	7	1	1	1	1	5	7	7	7	1	4	4	4	4	1	5	4	4	4	4	5	4	4	4	4	4	4	4	1	4	1	1	4	4	1	1	1	5	4	1	4	4	1	4	4	5	1	4	4	4	5	1	4	4	5	5	4	5	4	5	1	5	4	4	4	4	5	4	4	1	1	4	4	5	1	1	4	4	4	4	4	7	4	1	4	1	0	5	0	1	4	2	4	4	4	1	1	1	1	1	1	1	1	5	6	4	0	4	5	5	1	4	5	4	5	4	5	5	1	4	5	4	5
tag-182	0	4	1	1	1	1	4	0	4	4	1	1	1	4	0	1	1	1	1	2	4	4	0	1	1	4	3	4	1	1	5	4	1	4	1	4	4	4	1	1	1	1	4	5	1	4	2	4	1	4	0	1	4	1	4	1	4	4	4	1	1	2	0	2	1	0	1	4	0	1	1	1	4	4	7	0	4	1	4	4	4	4	1	1	1	4	1	1	1	0	4	1	1	4	2	1	1	4	1	1	1	1	1	1	4	1	1	1	1	0	4	4	1	0	1	4	1	1	1	0	4	0	4	0	0	1	0	1	1	1	1	4	4	1	1	4	4	4	1	4	1	1	1	4	4	1	1	0	4	4	1	4	4	0	0	4	0	1	4	4	2	4	4	1	1	4	1	1	1	1	1	4	4	4	0	4	1	1	1	4	1	4	1	1	1	1	1	4	4	4	5
tag-192	4	2	1	1	4	5	4	4	1	4	4	4	1	2	4	1	1	1	1	4	4	4	1	1	1	4	4	1	5	5	4	2	1	1	5	2	3	4	1	4	4	1	4	4	4	3	4	2	1	1	4	1	4	1	2	1	4	4	4	1	1	4	3	4	5	4	1	1	3	5	5	5	4	4	3	3	3	5	4	4	4	2	5	1	4	4	4	4	1	4	4	2	4	4	4	4	5	4	5	5	4	4	5	5	5	1	1	5	4	4	4	3	4	1	5	4	4	4	1	5	2	4	1	1	4	1	4	1	5	1	4	4	4	3	1	4	3	4	5	4	1	1	5	5	4	4	4	4	1	3	1	4	4	5	4	1	4	4	4	4	4	2	4	5	5	5	5	4	4	5	5	1	2	1	4	4	1	1	1	4	1	4	1	4	1	1	5	4	1	4	1
tbx-11	4	4	4	1	4	4	4	4	4	4	4	5	1	4	3	4	4	4	4	4	4	1	1	4	4	4	4	4	4	4	4	4	1	4	4	4	4	1	4	4	4	4	4	4	1	4	4	4	4	5	4	4	1	1	4	4	4	4	4	1	4	4	4	4	5	4	4	4	4	4	4	4	1	4	4	4	4	4	4	4	4	4	5	4	4	4	5	4	4	4	4	1	4	4	4	4	5	4	4	4	4	4	4	4	4	4	4	4	4	4	1	4	5	4	4	4	5	4	4	4	4	4	4	4	4	1	4	4	5	4	4	4	4	4	4	4	4	4	4	4	1	4	4	4	4	4	4	5	1	4	4	4	4	4	0	5	4	4	4	4	4	4	2	4	5	1	5	1	1	5	5	5	4	4	4	4	4	4	1	4	4	4	1	4	1	4	5	4	5	4	4
tbx-31	3	5	5	5	4	3	3	3	5	5	3	4	5	5	4	5	5	5	5	3	4	5	5	5	4	3	3	5	3	3	5	5	5	5	3	5	5	5	5	3	3	5	4	5	5	4	3	5	5	5	4	5	5	5	5	5	3	3	5	5	4	3	3	3	4	3	5	5	5	3	3	3	4	5	5	3	5	3	3	3	3	5	3	5	3	4	4	4	5	5	3	5	3	3	3	3	3	5	3	3	3	3	3	3	3	5	5	3	3	3	5	3	3	4	3	4	3	3	5	3	5	3	5	5	3	5	3	5	3	5	3	3	3	3	5	3	5	3	3	5	5	5	3	3	5	3	3	3	5	5	5	3	5	3	3	5	3	3	3	3	3	5	4	2	2	3	4	4	4	2	2	5	5	5	4	3	5	5	5	5	5	5	5	3	5	5	3	3	5	5	5
tbx-32	3	5	5	5	4	3	3	4	5	5	3	4	5	5	4	5	5	5	5	3	5	5	4	5	4	3	3	5	3	3	5	5	5	5	3	5	5	5	5	3	3	5	3	4	5	3	3	5	5	5	4	5	5	5	5	5	3	3	5	5	4	3	3	3	4	3	5	5	4	3	3	3	5	5	5	4	5	3	3	3	3	5	3	5	3	3	3	5	5	5	4	4	3	3	3	3	3	5	3	3	3	3	3	3	3	5	5	3	3	3	5	3	3	4	3	5	3	3	5	3	5	3	5	4	4	5	3	5	3	5	3	3	3	3	5	3	5	3	3	5	5	5	3	3	5	3	3	3	5	5	5	3	5	3	0	5	3	3	3	3	3	5	5	2	2	4	4	5	5	2	2	5	5	5	0	3	5	5	5	5	5	4	5	3	5	5	3	3	5	5	5
tbx-33	3	5	5	5	5	3	3	4	5	4	4	5	5	5	3	5	5	5	5	3	3	3	5	5	5	3	3	5	4	3	5	5	5	5	5	5	4	4	5	4	3	5	4	3	3	5	4	5	5	5	5	5	3	5	5	5	3	3	3	5	5	3	5	4	5	4	5	5	4	2	2	2	3	5	5	3	4	4	3	4	3	5	5	5	4	3	5	4	5	4	3	5	3	3	3	5	5	4	4	3	5	3	3	4	3	5	5	4	4	5	3	5	5	5	4	3	5	4	5	4	5	5	5	5	5	5	4	5	5	5	5	5	3	3	5	3	4	3	4	5	5	5	3	4	5	3	3	5	5	3	5	3	3	5	0	5	4	3	3	3	4	5	3	1	4	2	5	3	3	4	4	5	5	5	5	3	5	5	5	5	5	3	5	4	5	5	5	3	5	5	5
tbx-36	0	5	5	5	3	3	5	5	5	5	4	3	5	5	5	5	5	5	5	3	5	5	5	5	5	5	3	5	3	3	5	5	5	5	3	5	5	5	5	3	4	5	5	5	5	5	3	5	5	5	4	5	5	5	5	5	5	5	5	5	4	3	4	4	2	3	5	5	5	5	5	5	5	5	5	5	5	3	3	5	3	5	1	5	3	5	3	3	5	5	5	5	3	5	3	4	2	5	2	3	3	4	3	1	3	5	5	3	3	5	5	5	3	4	2	5	3	3	5	2	5	3	5	5	5	5	5	5	2	5	4	3	3	3	5	4	5	3	3	3	5	5	3	3	5	4	5	4	5	5	5	5	5	1	0	5	0	5	4	3	3	5	5	4	4	5	2	5	5	4	4	5	5	5	0	5	5	5	5	5	5	5	5	3	5	5	2	3	5	5	5
tbx-37	4	4	5	4	5	4	3	4	5	4	3	5	4	4	3	5	4	4	4	4	3	3	4	4	4	4	3	5	4	4	5	4	5	4	5	4	4	4	5	4	3	4	4	4	2	4	4	4	5	5	4	4	3	4	4	4	3	3	3	5	5	3	5	4	5	3	5	5	4	4	4	4	2	5	4	4	4	4	4	4	4	4	5	5	4	3	5	4	5	4	3	4	3	3	3	5	5	4	4	4	5	3	4	4	4	5	4	4	4	5	2	4	5	5	4	3	5	3	5	5	4	5	5	5	5	5	5	4	5	5	4	4	3	3	5	3	4	3	4	5	4	5	4	4	5	3	3	5	4	3	4	3	3	5	0	5	3	3	3	3	3	4	3	4	5	1	5	2	2	5	5	5	4	4	5	3	5	5	1	4	5	3	5	4	5	5	5	4	5	5	5
tbx-38	4	4	5	4	5	4	3	4	5	4	3	5	4	4	3	5	4	4	4	4	3	3	4	4	4	4	3	5	4	4	5	4	5	4	5	4	4	4	5	4	3	4	4	4	2	4	4	4	5	5	4	4	3	4	4	4	3	3	3	5	5	3	5	4	5	3	5	5	4	4	4	4	2	5	4	4	4	4	4	4	4	4	5	5	4	3	5	4	5	4	3	4	3	3	3	5	5	4	4	4	5	3	4	4	4	5	4	4	4	5	2	4	5	5	4	3	5	3	5	5	4	5	5	5	5	5	5	4	5	5	4	4	3	3	5	3	4	3	4	5	4	5	4	4	5	3	3	5	4	3	4	3	3	5	0	5	3	3	3	3	3	4	3	4	5	1	5	2	2	5	5	5	4	4	5	3	5	5	1	4	5	3	5	4	5	5	5	4	5	5	5
tbx-39	3	5	5	5	4	3	3	3	5	5	3	4	5	5	4	5	5	5	5	3	4	5	5	5	4	3	3	5	3	3	5	5	5	5	3	5	5	5	5	3	3	5	3	4	5	3	3	5	5	5	4	5	5	5	5	5	3	3	5	5	4	3	3	3	4	3	5	5	4	3	2	3	5	5	5	3	5	3	3	3	3	5	3	5	3	3	4	4	5	5	4	5	3	3	3	3	3	5	3	3	3	3	3	3	3	5	5	3	3	3	5	3	3	4	3	4	3	3	5	3	5	3	5	5	3	5	3	5	3	5	3	3	3	3	5	3	5	3	3	5	5	5	3	3	5	3	3	3	5	5	5	3	5	3	0	5	3	3	3	3	3	5	5	2	2	4	4	5	5	2	2	5	5	5	0	3	5	5	5	5	5	5	5	3	5	5	3	3	5	5	5
tbx-40	3	5	5	5	4	3	3	4	5	5	3	4	5	5	4	5	5	5	5	3	5	5	4	5	4	3	3	5	3	3	5	5	5	5	3	5	5	5	5	3	3	5	3	4	5	3	3	5	5	5	4	5	5	5	5	5	3	3	5	5	4	3	3	3	4	3	5	5	4	3	3	3	5	5	5	4	5	3	3	3	3	5	3	5	3	3	3	5	5	5	4	4	3	3	3	3	3	5	3	3	3	3	3	3	3	5	5	3	3	3	5	3	3	4	3	5	3	3	5	3	5	3	5	4	4	5	3	5	3	5	3	3	3	3	5	3	5	3	3	5	5	5	3	3	5	3	3	3	5	5	5	3	5	3	0	5	3	3	3	3	3	5	5	2	2	4	4	5	5	2	2	5	5	5	0	3	5	5	5	5	5	4	5	3	5	5	3	3	5	5	5
tbx-7	4	4	3	4	3	5	4	3	5	4	4	5	4	3	5	3	3	3	3	5	5	4	5	3	4	5	5	3	5	5	5	3	4	5	5	3	3	5	2	5	5	4	3	4	5	4	4	3	3	4	5	3	5	4	3	3	5	5	5	4	3	3	4	3	5	4	3	3	3	5	5	5	5	4	3	3	3	5	5	4	4	3	5	3	5	3	3	4	3	4	4	4	3	3	3	3	5	4	5	4	3	4	5	5	5	3	5	5	4	5	5	4	5	3	5	5	4	4	3	5	3	4	3	3	5	5	3	3	5	3	4	5	4	4	3	3	3	5	5	5	5	3	5	5	5	5	5	4	5	4	5	5	3	5	0	2	4	5	5	5	4	3	5	5	5	5	5	5	5	5	5	2	3	5	0	5	3	3	5	4	3	3	4	4	5	3	5	5	3	4	5
tbx-8	0	2	2	1	4	5	4	0	1	4	4	4	1	2	4	1	1	1	1	4	4	4	1	1	1	5	4	2	5	5	4	2	1	1	4	2	3	4	1	5	4	1	4	5	4	3	4	2	1	1	1	1	1	1	2	1	5	5	4	1	1	4	3	4	5	4	1	2	3	5	5	5	4	1	3	3	3	5	6	4	5	2	5	1	4	3	4	4	1	4	4	2	4	4	4	4	5	4	5	5	4	4	5	5	5	1	1	5	4	4	1	3	4	1	5	4	4	4	1	5	1	4	1	2	4	1	4	1	5	1	4	4	4	3	1	4	3	4	5	4	1	1	5	5	4	4	4	4	1	3	1	4	4	5	0	1	0	5	4	6	4	2	4	5	5	5	5	4	4	5	5	1	2	1	0	4	1	1	1	4	1	4	1	4	1	1	5	4	1	4	1
tbx-9	0	3	4	4	4	5	3	5	4	4	5	4	4	3	4	5	4	4	4	5	4	3	4	4	4	4	4	4	5	5	5	3	5	3	5	3	3	4	5	4	4	3	3	4	4	3	5	3	5	4	4	4	4	4	4	4	4	4	4	5	4	3	4	4	5	3	4	4	3	5	5	5	4	4	3	3	3	5	4	4	4	3	5	4	5	3	4	5	5	3	3	3	3	3	5	4	5	4	5	4	4	4	5	5	5	4	4	5	4	5	1	3	4	4	5	4	5	4	4	5	3	4	4	4	4	5	4	3	5	5	3	4	3	3	4	3	3	4	5	4	4	4	5	5	5	3	4	4	3	3	3	4	3	5	0	5	3	4	4	4	4	3	4	5	5	5	5	4	4	5	5	5	3	2	0	4	4	5	1	3	5	3	5	5	5	3	5	4	4	3	4
tra-1	0	0	0	0	0	0	0	0	4	0	0	0	0	0	0	5	5	5	0	0	4	0	0	5	0	0	0	0	4	0	4	5	0	0	0	0	0	0	5	0	0	0	0	0	5	0	0	4	5	0	0	0	0	0	0	0	4	4	0	0	0	0	0	0	0	0	4	4	0	5	0	5	0	0	0	0	4	0	0	0	0	4	0	0	0	0	0	0	5	0	0	0	0	0	0	0	0	0	0	0	0	0	0	1	4	0	0	0	0	0	0	0	0	0	0	4	0	0	4	0	5	0	4	0	0	0	0	0	4	0	0	0	0	0	5	0	0	0	1	3	5	0	0	4	0	0	0	0	5	0	0	0	5	0	0	5	0	0	0	0	0	4	4	4	0	5	0	5	5	0	0	0	0	0	2	0	5	5	5	0	5	5	0	0	0	0	0	0	0	0	0
tra-4	4	4	4	1	4	4	2	4	4	4	3	5	1	4	2	4	4	4	4	4	4	1	1	4	1	4	2	4	4	4	5	4	1	4	4	4	4	1	4	4	2	4	4	4	1	4	4	4	4	5	4	4	1	1	4	4	4	4	4	1	4	3	4	4	5	3	4	4	4	1	1	1	1	4	4	4	4	4	4	4	4	4	4	4	4	3	4	4	4	4	4	1	3	3	4	4	4	4	4	4	4	3	4	4	4	4	4	4	4	4	1	4	4	4	4	4	4	4	4	4	4	4	4	4	4	1	4	4	4	4	4	4	3	3	4	3	4	4	4	5	1	4	4	4	5	2	1	4	1	4	4	1	4	4	0	5	2	2	3	4	4	4	4	1	1	1	5	1	1	1	1	5	4	4	0	2	4	4	1	4	4	4	1	4	1	4	4	4	5	4	4
unc-120	3	3	2	4	4	5	4	4	4	5	4	4	4	3	5	1	4	4	4	4	5	4	4	4	4	5	4	3	5	5	4	3	4	4	5	3	3	4	1	5	4	3	3	5	5	3	3	3	1	1	5	4	4	4	3	4	5	5	5	2	2	3	3	3	5	3	1	3	3	5	5	5	5	3	3	3	3	5	5	4	5	3	5	2	4	3	3	3	1	3	4	3	4	4	4	3	5	4	5	5	3	4	5	5	5	4	4	5	4	4	5	3	4	2	5	4	3	4	2	5	3	3	3	2	4	1	3	4	5	2	3	5	4	3	2	4	3	5	5	4	4	4	5	5	5	4	4	3	4	3	4	5	4	5	0	1	4	5	4	5	3	3	4	5	5	5	5	5	5	5	5	1	3	4	5	4	2	1	5	4	1	4	1	4	4	1	5	4	1	3	4
unc-130	3	3	3	2	4	5	3	2	4	5	3	5	3	3	5	2	3	3	3	4	5	3	4	3	3	5	4	3	5	5	5	3	2	4	5	3	3	4	1	5	4	3	3	5	5	3	3	3	2	4	5	3	4	3	3	2	5	5	5	2	3	3	3	3	5	3	4	3	3	5	5	5	5	3	3	3	3	5	5	3	5	3	5	3	4	3	4	4	2	3	3	3	3	3	3	3	5	4	5	5	3	3	5	5	5	2	4	5	5	4	5	3	5	3	5	4	4	3	4	5	3	3	3	3	4	1	3	3	5	2	3	4	3	3	3	3	3	5	5	5	4	2	5	5	5	4	4	4	4	3	4	5	3	5	0	1	3	5	4	5	3	3	4	5	5	5	5	5	5	5	5	1	3	5	5	4	3	2	5	3	2	3	2	4	1	3	5	4	4	3	5
unc-30	4	3	4	3	5	5	3	4	5	3	4	5	3	3	3	5	3	3	3	4	3	3	3	3	3	5	3	3	5	5	5	3	5	3	5	3	3	3	5	5	3	3	3	3	3	3	4	3	5	5	3	3	3	3	3	3	4	4	3	5	5	3	4	5	5	4	5	3	3	5	5	5	3	5	3	3	3	5	5	3	5	3	5	5	5	3	5	5	5	4	3	3	3	3	4	5	5	3	5	5	5	3	5	5	5	4	3	5	5	4	2	3	5	4	5	3	5	3	5	5	3	5	5	4	5	4	5	3	5	5	3	4	3	3	5	3	3	3	5	5	3	3	5	5	5	3	3	5	3	3	3	3	3	5	4	5	3	3	3	3	3	3	3	5	5	5	5	3	3	5	5	5	3	3	5	3	5	5	2	3	5	3	5	5	4	4	5	4	5	4	5
unc-37	0	1	4	1	4	5	4	4	1	4	4	5	1	4	4	1	1	1	1	4	4	4	1	1	4	4	4	4	5	5	4	4	1	1	5	4	4	4	1	4	4	4	4	4	4	4	4	4	1	5	4	1	4	1	4	1	4	4	4	1	4	4	4	4	5	4	4	4	3	5	5	5	4	4	3	4	4	5	4	4	4	4	5	4	4	4	4	4	1	4	4	1	4	4	4	4	5	4	5	4	4	4	5	5	4	1	1	5	5	4	1	4	5	4	5	4	5	4	4	5	4	4	4	4	4	1	4	4	5	1	4	4	4	4	4	4	4	4	5	4	1	1	5	4	4	4	4	5	1	4	1	4	4	5	0	4	4	4	4	4	4	4	4	5	5	5	5	4	4	5	5	4	4	1	0	4	4	1	1	2	1	4	1	5	1	4	5	4	5	4	4
unc-39	3	3	3	3	4	5	3	3	4	5	3	5	3	3	5	2	3	3	3	4	5	3	4	3	3	5	4	3	5	5	5	3	3	4	5	3	3	4	1	5	4	3	3	5	5	3	3	3	2	4	5	3	4	3	3	3	5	5	5	3	3	3	3	3	5	3	4	3	3	5	5	5	5	3	3	3	3	5	5	3	5	3	5	3	4	3	4	4	2	3	3	3	3	3	3	3	5	4	5	5	3	3	5	5	5	3	4	5	5	4	5	3	5	3	5	4	4	3	4	5	3	3	3	3	4	1	3	3	5	2	3	4	3	3	3	3	3	5	5	5	4	3	5	5	5	4	4	4	4	3	4	5	3	5	4	1	3	5	4	5	3	3	4	5	5	5	5	5	5	5	5	1	3	5	5	4	3	2	5	3	2	3	2	4	4	3	5	4	4	3	5
unc-62	4	4	1	1	4	4	1	1	4	4	3	4	1	4	4	1	1	1	1	4	4	4	1	1	1	4	4	4	4	4	5	3	1	4	5	4	3	1	1	4	4	4	2	4	1	2	4	4	1	1	4	1	1	1	4	1	4	4	4	1	1	3	4	4	5	3	4	4	3	4	5	4	1	4	4	4	3	4	4	4	4	4	5	1	4	3	4	4	1	0	2	1	3	1	4	4	5	4	5	4	4	4	5	5	4	1	4	5	4	4	1	4	4	2	5	4	4	3	4	5	4	4	4	1	4	1	4	1	5	1	4	4	3	3	1	3	3	4	5	4	1	1	4	5	5	4	4	1	1	3	4	4	2	5	0	1	0	1	4	4	4	4	4	5	4	1	5	1	1	5	4	1	4	1	5	4	4	1	1	4	1	2	1	4	1	1	5	4	1	4	4
vab-15	3	3	3	3	4	5	3	3	3	5	3	5	3	3	4	2	3	3	3	3	5	3	4	3	3	5	3	3	5	5	5	3	2	3	4	3	3	3	1	5	3	3	3	5	5	3	3	3	2	4	5	3	3	3	3	2	5	5	5	2	3	3	3	3	5	3	4	3	3	5	5	5	5	3	3	3	3	5	5	3	5	3	5	3	3	3	4	3	2	3	3	3	3	3	3	3	5	4	5	5	3	3	5	5	5	2	3	5	5	3	4	3	5	3	5	3	4	3	4	4	3	3	3	3	3	2	3	3	5	2	3	5	3	3	3	3	3	5	5	5	3	2	5	5	5	3	4	4	3	3	3	5	3	4	0	4	4	4	3	5	3	3	3	5	5	5	5	5	5	5	5	4	3	5	0	3	3	2	5	3	2	3	2	5	2	3	5	4	5	3	5
xbp-1	0	4	4	4	2	4	4	3	4	5	3	1	5	4	4	4	4	4	4	4	4	4	5	4	4	4	4	4	4	4	5	4	4	4	3	4	4	5	4	4	4	4	4	5	5	4	3	4	4	1	5	4	5	5	4	4	4	4	5	4	3	3	3	3	1	3	1	4	4	4	4	4	4	4	4	3	4	4	4	4	4	4	1	4	4	4	4	4	4	5	4	5	3	4	3	3	1	5	1	4	3	4	4	1	4	5	5	1	2	4	5	4	2	3	2	4	2	3	4	2	4	2	4	4	4	5	3	4	4	4	3	4	3	3	4	3	4	4	4	4	5	4	4	4	5	4	4	2	5	5	5	4	4	2	0	4	3	4	4	4	3	4	4	1	1	4	1	4	4	1	1	4	4	5	0	4	4	4	5	5	4	4	5	2	4	4	1	4	1	4	5
zfp-1	0	3	3	2	3	5	3	0	4	5	3	5	3	3	3	3	3	3	3	3	5	3	3	3	3	5	3	3	5	5	5	3	2	3	3	3	3	3	4	5	3	3	3	5	5	3	3	3	4	4	0	3	3	3	3	3	5	5	5	2	3	3	3	3	4	0	4	3	0	5	5	5	5	3	3	3	3	5	5	4	5	3	5	3	3	3	4	3	3	3	3	2	3	3	3	3	5	5	5	5	3	3	5	5	5	3	2	5	5	3	4	0	5	3	4	3	4	3	4	3	3	0	3	3	3	2	3	3	5	4	3	3	3	3	4	3	3	4	5	5	2	3	5	5	5	3	4	4	3	3	2	5	3	3	0	5	0	5	3	5	3	3	3	5	5	5	5	5	5	5	5	5	3	5	0	3	4	3	4	3	4	3	2	4	2	3	5	3	5	3	5
zip-2	0	3	2	4	4	5	4	4	4	5	4	4	1	3	5	1	1	1	1	4	5	4	1	1	1	5	4	3	5	5	5	3	1	4	4	3	3	4	1	5	4	4	3	5	5	3	3	3	1	2	4	1	4	1	3	1	5	5	5	2	3	3	3	3	5	3	1	3	3	5	5	5	5	3	3	3	3	5	5	4	5	3	5	2	4	3	4	4	1	4	4	2	3	4	3	3	5	4	5	5	3	4	5	5	5	1	4	5	4	4	5	3	4	2	5	4	3	3	4	5	4	4	3	2	4	1	3	2	5	2	3	4	4	3	2	3	3	5	5	4	1	1	5	5	5	4	4	3	1	3	4	5	4	5	0	1	0	5	4	5	3	3	4	5	5	5	5	5	5	5	5	1	3	1	0	4	3	1	4	4	1	3	1	4	1	2	5	4	1	3	4
zip-4	0	5	5	5	3	3	3	0	5	5	3	3	5	5	4	5	5	5	5	3	5	5	5	5	5	3	3	5	3	3	5	5	5	5	3	5	5	5	5	3	3	5	4	5	5	3	3	5	5	5	4	5	5	5	5	5	4	4	5	5	4	3	3	3	2	3	5	5	5	4	4	4	5	5	5	4	5	3	3	4	3	5	2	5	3	4	3	5	5	5	5	5	3	3	3	3	2	5	2	3	3	3	3	2	3	5	5	3	3	3	5	5	3	4	2	5	3	3	5	2	5	3	5	5	5	5	3	5	3	5	3	3	3	3	5	4	5	3	3	3	5	5	3	3	5	3	4	3	5	5	5	4	5	2	0	5	0	4	3	3	3	5	5	1	1	5	2	5	5	1	1	5	5	5	0	4	5	5	5	5	5	5	5	3	5	5	2	3	5	5	5
ztf-7	4	4	4	4	4	1	4	4	4	4	1	4	4	4	4	4	4	4	4	4	4	4	4	4	4	4	4	4	1	1	1	4	1	4	4	4	4	4	4	4	4	4	4	4	4	4	4	4	4	5	4	4	4	4	4	4	4	4	4	1	4	4	4	4	1	4	4	4	7	1	1	1	4	4	4	4	4	1	4	4	4	4	1	4	4	4	4	2	4	1	4	4	4	4	4	4	1	4	1	1	4	4	1	1	4	4	4	1	4	1	4	4	4	4	1	4	4	4	4	1	4	4	4	4	4	4	4	4	1	4	4	4	4	4	4	4	4	4	1	4	4	4	1	4	4	1	4	4	4	4	4	4	4	1	0	5	4	4	4	4	4	4	4	1	1	1	1	4	4	1	1	5	4	4	0	4	4	4	4	4	4	4	4	4	1	4	1	2	5	4	4
mab-21	4	4	3	5	3	5	5	3	4	5	4	4	5	3	5	4	4	4	4	5	5	5	5	4	5	5	5	3	5	5	5	3	5	4	5	3	3	5	4	5	5	3	3	5	5	4	4	3	4	2	5	5	5	5	3	4	5	5	5	4	3	4	4	3	5	3	3	3	3	5	5	5	5	3	3	3	3	5	5	5	5	3	5	3	5	3	3	4	4	4	4	4	3	4	3	3	5	5	5	5	3	5	5	5	5	4	5	5	3	5	5	3	4	3	5	5	3	4	3	4	3	3	3	3	4	5	3	3	5	3	3	5	5	3	3	3	3	5	5	4	5	4	5	5	5	5	5	3	5	4	5	5	3	5	0	1	4	5	5	5	4	3	5	5	5	5	5	5	5	5	5	1	3	4	0	5	3	4	5	5	4	3	5	3	5	3	5	5	2	3	5
cwn-1	4	1	1	4	4	5	4	4	1	4	4	4	1	4	4	1	4	4	4	4	4	4	1	4	4	4	4	4	5	5	4	4	1	1	4	4	3	4	1	4	4	4	4	4	5	4	4	4	1	1	4	1	4	1	4	4	4	4	4	1	4	4	4	4	5	4	1	1	3	5	5	5	5	1	3	4	3	5	4	4	4	4	5	1	4	4	4	4	1	4	4	1	4	4	4	4	5	4	5	4	4	4	5	5	5	1	1	5	4	4	5	4	4	1	5	4	4	4	1	5	1	4	1	1	4	1	4	4	5	1	4	4	4	4	1	4	4	5	5	4	1	1	5	5	4	4	4	4	4	4	1	4	4	5	0	4	4	4	4	4	4	4	4	5	5	5	5	5	5	5	5	4	4	1	0	4	1	1	4	4	1	4	1	4	1	1	5	4	1	2	1
scrt-1	0	3	5	5	5	5	4	5	4	4	5	5	5	4	4	5	5	5	5	5	4	4	4	5	5	4	5	3	5	5	4	4	5	3	5	3	3	5	5	4	5	4	4	4	5	5	5	4	5	4	5	5	5	5	4	5	4	4	4	5	5	5	5	5	5	5	4	4	3	5	5	5	5	4	3	4	3	5	4	4	4	3	5	5	5	4	5	5	5	5	4	4	4	5	5	5	5	4	5	4	4	5	5	5	5	5	5	5	5	5	5	4	5	5	5	4	5	5	4	5	4	5	3	5	4	4	5	5	5	5	4	5	5	5	5	4	4	5	5	3	5	5	5	5	4	5	5	5	4	3	4	4	4	5	0	5	0	5	4	5	5	3	4	5	5	5	5	5	5	5	5	5	3	4	0	4	4	5	5	4	5	4	5	5	5	4	5	4	5	3	2
